 00 68 00 00 00 00 00 00 00 00 00 00 FF FF 00 00 00 00 00 00 00 00 00 00 00 00 00 08 13 00 00 00 00 08 75 08 03 00 DA 
 00 68 00 00 00 00 00 00 00 00 00 00 FF FF 00 00 00 00 00 00 00 00 00 00 00 00 00 07 FD 00 00 00 00 08 69 07 D9 00 8C 
 00 77 00 00 00 00 00 00 00 00 00 00 FF FF 00 00 00 00 00 00 00 00 00 00 00 00 00 07 FA 00 00 00 00 08 87 07 E3 00 C0 
 00 77 00 00 00 00 00 00 00 00 00 00 FF FF 00 00 00 00 00 00 00 00 00 00 00 00 00 07 FF 00 00 00 00 08 9B 07 F7 00 ED 
 00 6E 00 00 00 00 00 00 00 00 00 00 FF FF 00 00 00 00 00 00 00 00 00 00 00 00 00 08 04 00 00 00 00 08 9D 07 FB 00 F0 
 00 6E 00 00 00 00 00 00 00 00 00 00 FF FF 00 00 00 00 00 00 00 00 00 00 00 00 00 08 04 00 00 00 00 08 9D 07 FB 00 F0 
 00 6E 00 00 00 00 00 00 00 00 00 00 FF FF 00 00 00 00 00 00 00 00 00 00 00 00 00 08 10 00 00 00 00 09 29 08 47 00 D6 
 00 6C 00 00 00 00 00 00 00 00 00 00 FF FF 00 00 00 00 00 00 00 00 00 00 00 00 00 08 10 00 00 00 00 08 85 08 06 00 EE 
 00 6C 00 00 00 00 00 00 00 00 00 00 FF FF 00 00 00 00 00 00 00 00 00 00 00 00 00 07 FE 00 00 00 00 08 5F 07 E2 00 90 
 00 71 00 00 00 00 00 00 00 00 00 00 FF FF 00 00 00 00 00 00 00 00 00 00 00 00 00 08 19 00 00 00 00 08 5A 07 CF 00 99 
 00 71 00 00 00 00 00 00 00 00 00 00 FF FF 00 00 00 00 00 00 00 00 00 00 00 00 00 08 14 00 00 00 00 08 72 07 DF 00 BC 
 00 71 00 00 00 00 00 00 00 00 00 00 FF FF 00 00 00 00 00 00 00 00 00 00 00 00 00 07 FA 00 00 00 00 09 07 08 2B 00 84 
 00 70 00 00 00 00 00 00 00 00 00 00 FF FF 00 00 00 00 00 00 00 00 00 00 00 00 00 08 02 00 00 00 00 08 87 07 EB 00 CA 
 00 70 00 00 00 00 00 00 00 00 00 00 FF FF 00 00 00 00 00 00 00 00 00 00 00 00 00 08 0E 00 00 00 00 09 1D 08 40 00 C3 
 00 53 00 00 00 00 00 00 00 00 00 00 FF FF 00 00 00 00 00 00 00 00 00 00 00 00 00 08 00 00 00 00 00 08 5D 07 E0 00 76 
 00 53 00 00 00 00 00 00 00 00 00 00 FF FF 00 00 00 00 00 00 00 00 00 00 00 00 00 08 04 00 00 00 00 08 95 07 EE 00 C0 
 00 53 00 00 00 00 00 00 00 00 00 00 FF FF 00 00 00 00 00 00 00 00 00 00 00 00 00 08 15 00 00 00 00 09 23 08 41 00 B4 
 00 4A 00 00 00 00 00 00 00 00 00 00 FF FF 00 00 00 00 00 00 00 00 00 00 00 00 00 08 00 00 00 00 00 08 9D 07 F9 00 C6 
 00 4A 00 00 00 00 00 00 00 00 00 00 FF FF 00 00 00 00 00 00 00 00 00 00 00 00 00 08 11 00 00 00 00 09 22 08 48 00 AD 
 00 38 00 00 00 00 00 00 00 00 00 00 FF FF 00 00 00 00 00 00 00 00 00 00 00 00 00 08 16 00 00 00 00 08 83 08 05 00 BD 
 00 38 00 00 00 00 00 00 00 00 00 00 FF FF 00 00 00 00 00 00 00 00 00 00 00 00 00 07 FE 00 00 00 00 08 5B 07 D7 00 4D 
 00 38 00 00 00 00 00 00 00 00 00 00 FF FF 00 00 00 00 00 00 00 00 00 00 00 00 00 08 05 00 00 00 00 08 6A 07 DD 00 6A 
 00 33 00 00 00 00 00 00 00 00 00 00 FF FF 00 00 00 00 00 00 00 00 00 00 00 00 00 08 09 00 00 00 00 08 7F 08 06 00 A8 
 00 33 00 00 00 00 00 00 00 00 00 00 FF FF 00 00 00 00 00 00 00 00 00 00 00 00 00 08 0E 00 00 00 00 09 19 08 36 00 78 
 00 2F 00 00 00 00 00 00 00 00 00 00 FF FF 00 00 00 00 00 00 00 00 00 00 00 00 00 08 0F 00 00 00 00 09 27 08 43 00 90 
 00 2F 00 00 00 00 00 00 00 00 00 00 FF FF 00 00 00 00 00 00 00 00 00 00 00 00 00 08 0C 00 00 00 00 08 84 08 07 00 AD 
 00 2F 00 00 00 00 00 00 00 00 00 00 FF FF 00 00 00 00 00 00 00 00 00 00 00 00 00 08 29 00 00 00 00 08 83 07 FF 00 C0 
 00 2F 00 00 00 00 00 00 00 00 00 00 FF FF 00 00 00 00 00 00 00 00 00 00 00 00 00 08 10 00 00 00 00 09 23 08 3D 00 87 
 00 2F 00 00 00 00 00 00 00 00 00 00 FF FF 00 00 00 00 00 00 00 00 00 00 00 00 00 08 12 00 00 00 00 08 85 08 07 00 B4 
 00 34 00 00 00 00 00 00 00 00 00 00 FF FF 00 00 00 00 00 00 00 00 00 00 00 00 00 08 02 00 00 00 00 08 5B 07 E3 00 5A 
 00 34 00 00 00 00 00 00 00 00 00 00 FF FF 00 00 00 00 00 00 00 00 00 00 00 00 00 08 04 00 00 00 00 08 9B 07 FD 00 B6 
 00 34 00 00 00 00 00 00 00 00 00 00 FF FF 00 00 00 00 00 00 00 00 00 00 00 00 00 08 0E 00 00 00 00 09 1D 08 3C 00 83 
 00 41 00 00 00 00 00 00 00 00 00 00 FF FF 00 00 00 00 00 00 00 00 00 00 00 00 00 08 12 00 00 00 00 08 7F 08 07 00 C0 
 00 41 00 00 00 00 00 00 00 00 00 00 FF FF 00 00 00 00 00 00 00 00 00 00 00 00 00 08 0E 00 00 00 00 09 23 08 3D 00 97 
 00 4D 00 00 00 00 00 00 00 00 00 00 FF FF 00 00 00 00 00 00 00 00 00 00 00 00 00 08 01 00 00 00 00 08 9C 07 FB 00 CB 
 00 4D 00 00 00 00 00 00 00 00 00 00 FF FF 00 00 00 00 00 00 00 00 00 00 00 00 00 08 14 00 00 00 00 08 7E 07 FE 00 C3 
 00 4D 00 00 00 00 00 00 00 00 00 00 FF FF 00 00 00 00 00 00 00 00 00 00 00 00 00 07 FF 00 00 00 00 08 8B 07 F1 00 AD 
 00 72 00 00 00 00 00 00 00 00 00 00 FF FF 00 00 00 00 00 00 00 00 00 00 00 00 00 08 05 00 00 00 00 08 7F 07 F6 00 D2 
 00 72 00 00 00 00 00 00 00 00 00 00 FF FF 00 00 00 00 00 00 00 00 00 00 00 00 00 08 05 00 00 00 00 08 7F 07 F3 00 CF 
 00 72 00 00 00 00 00 00 00 00 00 00 FF FF 00 00 00 00 00 00 00 00 00 00 00 00 00 08 15 00 00 00 00 09 17 08 3C 00 C2 
 00 84 00 00 00 00 00 00 00 00 00 00 FF FF 00 00 00 00 00 00 00 00 00 00 00 00 00 07 E6 00 00 00 00 08 97 08 01 00 E8 
 00 84 00 00 00 00 00 00 00 00 00 00 FF FF 00 00 00 00 00 00 00 00 00 00 00 00 00 07 FC 00 00 00 00 08 93 07 F2 00 EA 
 00 99 00 00 00 00 00 00 00 00 00 00 FF FF 00 00 00 00 00 00 00 00 00 00 00 00 00 08 05 00 00 00 00 08 85 08 02 00 0C 
 00 99 00 00 00 00 00 00 00 00 00 00 FF FF 00 00 00 00 00 00 00 00 00 00 00 00 00 08 09 00 00 00 00 08 9E 07 FA 00 20 
 00 A5 00 00 00 00 00 00 00 00 00 00 FF FF 00 00 00 00 00 00 00 00 00 00 00 00 00 08 13 00 00 00 00 09 23 08 3F 00 02 
 00 A5 00 00 00 00 00 00 00 00 00 00 FF FF 00 00 00 00 00 00 00 00 00 00 00 00 00 08 06 00 00 00 00 08 57 07 D9 00 C1 
 00 A5 00 00 00 00 00 00 00 00 00 00 FF FF 00 00 00 00 00 00 00 00 00 00 00 00 00 08 0A 00 00 00 00 08 7F 08 03 00 18 
 00 A5 00 00 00 00 00 00 00 00 00 00 FF FF 00 00 00 00 00 00 00 00 00 00 00 00 00 08 02 00 00 00 00 08 94 07 F2 00 13 
 00 A5 00 00 00 00 00 00 00 00 00 00 FF FF 00 00 00 00 00 00 00 00 00 00 00 00 00 08 14 00 00 00 00 09 31 08 46 00 18 
 00 80 00 00 00 00 00 00 00 00 00 00 FF FF 00 00 00 00 00 00 00 00 00 00 00 00 00 07 F4 00 00 00 00 08 6C 07 E6 00 AB 
 00 80 00 00 00 00 00 00 00 00 00 00 FF FF 00 00 00 00 00 00 00 00 00 00 00 00 00 08 04 00 00 00 00 08 90 07 F5 00 EF 
 00 80 00 00 00 00 00 00 00 00 00 00 FF FF 00 00 00 00 00 00 00 00 00 00 00 00 00 07 FE 00 00 00 00 08 98 07 FA 00 F5 
 00 68 00 00 00 00 00 00 00 00 00 00 FF FF 00 00 00 00 00 00 00 00 00 00 00 00 00 07 FD 00 00 00 00 08 9B 07 F9 00 DE 
 00 68 00 00 00 00 00 00 00 00 00 00 FF FF 00 00 00 00 00 00 00 00 00 00 00 00 00 08 08 00 00 00 00 08 F5 08 2B 00 77 
 00 4B 00 00 00 00 00 00 00 00 00 00 FF FF 00 00 00 00 00 00 00 00 00 00 00 00 00 08 12 00 00 00 00 09 14 08 3B 00 94 
 00 4B 00 00 00 00 00 00 00 00 00 00 FF FF 00 00 00 00 00 00 00 00 00 00 00 00 00 07 E6 00 00 00 00 08 97 08 01 00 AF 
 00 4B 00 00 00 00 00 00 00 00 00 00 FF FF 00 00 00 00 00 00 00 00 00 00 00 00 00 08 00 00 00 00 00 09 17 08 36 00 80 
 00 47 00 00 00 00 00 00 00 00 00 00 FF FF 00 00 00 00 00 00 00 00 00 00 00 00 00 08 0E 00 00 00 00 09 1B 08 33 00 8B 
 00 47 00 00 00 00 00 00 00 00 00 00 FF FF 00 00 00 00 00 00 00 00 00 00 00 00 00 08 04 00 00 00 00 08 99 07 FD 00 C7 
 00 3B 00 00 00 00 00 00 00 00 00 00 FF FF 00 00 00 00 00 00 00 00 00 00 00 00 00 08 06 00 00 00 00 08 99 07 FA 00 BA 
 00 3B 00 00 00 00 00 00 00 00 00 00 FF FF 00 00 00 00 00 00 00 00 00 00 00 00 00 07 E5 00 00 00 00 08 C0 08 02 00 C8 
 00 3B 00 00 00 00 00 00 00 00 00 00 FF FF 00 00 00 00 00 00 00 00 00 00 00 00 00 07 F8 00 00 00 00 08 85 07 ED 00 8A 
 00 3D 00 00 00 00 00 00 00 00 00 00 FF FF 00 00 00 00 00 00 00 00 00 00 00 00 00 07 FE 00 00 00 00 08 85 07 F1 00 96 
 00 3D 00 00 00 00 00 00 00 00 00 00 FF FF 00 00 00 00 00 00 00 00 00 00 00 00 00 08 06 00 00 00 00 08 FB 08 2E 00 53 
 00 31 00 00 00 00 00 00 00 00 00 00 FF FF 00 00 00 00 00 00 00 00 00 00 00 00 00 07 FF 00 00 00 00 08 75 07 F0 00 7A 
 00 31 00 00 00 00 00 00 00 00 00 00 FF FF 00 00 00 00 00 00 00 00 00 00 00 00 00 07 FE 00 00 00 00 08 83 07 F3 00 8A 
 00 31 00 00 00 00 00 00 00 00 00 00 FF FF 00 00 00 00 00 00 00 00 00 00 00 00 00 08 05 00 00 00 00 08 ED 08 23 00 2D 
 00 2C 00 00 00 00 00 00 00 00 00 00 FF FF 00 00 00 00 00 00 00 00 00 00 00 00 00 07 FC 00 00 00 00 08 75 07 F0 00 72 
 00 2C 00 00 00 00 00 00 00 00 00 00 FF FF 00 00 00 00 00 00 00 00 00 00 00 00 00 08 0A 00 00 00 00 08 EC 08 2B 00 34 
 00 26 00 00 00 00 00 00 00 00 00 00 FF FF 00 00 00 00 00 00 00 00 00 00 00 00 00 08 10 00 00 00 00 09 0B 08 35 00 5E 
 00 26 00 00 00 00 00 00 00 00 00 00 FF FF 00 00 00 00 00 00 00 00 00 00 00 00 00 08 01 00 00 00 00 09 17 08 38 00 5E 
 00 26 00 00 00 00 00 00 00 00 00 00 FF FF 00 00 00 00 00 00 00 00 00 00 00 00 00 08 02 00 00 00 00 08 5D 07 E1 00 4C 
 00 1E 00 00 00 00 00 00 00 00 00 00 FF FF 00 00 00 00 00 00 00 00 00 00 00 00 00 08 08 00 00 00 00 09 1B 08 3B 00 64 
 00 1E 00 00 00 00 00 00 00 00 00 00 FF FF 00 00 00 00 00 00 00 00 00 00 00 00 00 07 DE 00 00 00 00 08 9D 08 04 00 83 
 00 1F 00 00 00 00 00 00 00 00 00 00 FF FF 00 00 00 00 00 00 00 00 00 00 00 00 00 07 FD 00 00 00 00 08 91 07 F2 00 84 
 00 1F 00 00 00 00 00 00 00 00 00 00 FF FF 00 00 00 00 00 00 00 00 00 00 00 00 00 08 01 00 00 00 00 08 85 07 F6 00 81 
 00 1F 00 00 00 00 00 00 00 00 00 00 FF FF 00 00 00 00 00 00 00 00 00 00 00 00 00 08 00 00 00 00 00 08 82 07 F0 00 77 
 00 21 00 00 00 00 00 00 00 00 00 00 FF FF 00 00 00 00 00 00 00 00 00 00 00 00 00 08 09 00 00 00 00 08 97 07 FA 00 A1 
 00 21 00 00 00 00 00 00 00 00 00 00 FF FF 00 00 00 00 00 00 00 00 00 00 00 00 00 07 EE 00 00 00 00 08 F5 08 28 00 12 
 00 1F 00 00 00 00 00 00 00 00 00 00 FF FF 00 00 00 00 00 00 00 00 00 00 00 00 00 07 FB 00 00 00 00 08 77 07 F4 00 6A 
 00 1F 00 00 00 00 00 00 00 00 00 00 FF FF 00 00 00 00 00 00 00 00 00 00 00 00 00 07 EA 00 00 00 00 08 EB 08 23 00 FD 
 00 1F 00 00 00 00 00 00 00 00 00 00 FF FF 00 00 00 00 00 00 00 00 00 00 00 00 00 07 F6 00 00 00 00 08 7F 07 F5 00 6E 
 00 20 00 00 00 00 00 00 00 00 00 00 FF FF 00 00 00 00 00 00 00 00 00 00 00 00 00 07 E8 00 00 00 00 08 F3 08 29 00 0A 
 00 20 00 00 00 00 00 00 00 00 00 00 FF FF 00 00 00 00 00 00 00 00 00 00 00 00 00 07 FA 00 00 00 00 08 77 07 F1 00 67 
 00 32 00 00 00 00 00 00 00 00 00 00 FF FF 00 00 00 00 00 00 00 00 00 00 00 00 00 07 F4 00 00 00 00 08 75 07 EB 00 6B 
 00 32 00 00 00 00 00 00 00 00 00 00 FF FF 00 00 00 00 00 00 00 00 00 00 00 00 00 07 E9 00 00 00 00 08 EF 08 25 00 15 
 00 32 00 00 00 00 00 00 00 00 00 00 FF FF 00 00 00 00 00 00 00 00 00 00 00 00 00 08 06 00 00 00 00 08 7F 07 FA 00 97 
 00 3C 00 00 00 00 00 00 00 00 00 00 FF FF 00 00 00 00 00 00 00 00 00 00 00 00 00 07 EF 00 00 00 00 08 F4 08 29 00 2E 
 00 3C 00 00 00 00 00 00 00 00 00 00 FF FF 00 00 00 00 00 00 00 00 00 00 00 00 00 07 FE 00 00 00 00 08 83 07 F4 00 96 
 00 3C 00 00 00 00 00 00 00 00 00 00 FF FF 00 00 00 00 00 00 00 00 00 00 00 00 00 07 EA 00 00 00 00 08 F2 08 27 00 25 
 00 48 00 00 00 00 00 00 00 00 00 00 FF FF 00 00 00 00 00 00 00 00 00 00 00 00 00 07 FD 00 00 00 00 08 85 07 F4 00 A3 
 00 48 00 00 00 00 00 00 00 00 00 00 FF FF 00 00 00 00 00 00 00 00 00 00 00 00 00 07 FE 00 00 00 00 08 7F 07 F8 00 A2 
 00 51 00 00 00 00 00 00 00 00 00 00 FF FF 00 00 00 00 00 00 00 00 00 00 00 00 00 07 FC 00 00 00 00 08 7F 07 F6 00 A7 
 00 51 00 00 00 00 00 00 00 00 00 00 FF FF 00 00 00 00 00 00 00 00 00 00 00 00 00 07 EE 00 00 00 00 08 F5 08 2B 00 45 
 00 64 00 00 00 00 00 00 00 00 00 00 FF FF 00 00 00 00 00 00 00 00 00 00 00 00 00 08 03 00 00 00 00 08 7E 07 FA 00 C5 
 00 64 00 00 00 00 00 00 00 00 00 00 FF FF 00 00 00 00 00 00 00 00 00 00 00 00 00 07 FB 00 00 00 00 08 77 07 F3 00 AE 
 00 64 00 00 00 00 00 00 00 00 00 00 FF FF 00 00 00 00 00 00 00 00 00 00 00 00 00 07 FB 00 00 00 00 08 7D 07 F8 00 B9 
 00 88 00 00 00 00 00 00 00 00 00 00 FF FF 00 00 00 00 00 00 00 00 00 00 00 00 00 07 F2 00 00 00 00 08 F7 08 2B 00 82 
 00 88 00 00 00 00 00 00 00 00 00 00 FF FF 00 00 00 00 00 00 00 00 00 00 00 00 00 07 FB 00 00 00 00 08 77 07 F1 00 D0 
 00 9F 00 00 00 00 00 00 00 00 00 00 FF FF 00 00 00 00 00 00 00 00 00 00 00 00 00 07 F6 00 00 00 00 08 79 07 F2 00 E5 
 00 9F 00 00 00 00 00 00 00 00 00 00 FF FF 00 00 00 00 00 00 00 00 00 00 00 00 00 07 F8 00 00 00 00 08 7B 07 F2 00 E9 
 00 9F 00 00 00 00 00 00 00 00 00 00 FF FF 00 00 00 00 00 00 00 00 00 00 00 00 00 07 FD 00 00 00 00 08 79 07 F2 00 EC 
 00 C7 00 00 00 00 00 00 00 00 00 00 FF FF 00 00 00 00 00 00 00 00 00 00 00 00 00 07 EB 00 00 00 00 08 EB 08 1F 00 A2 
 00 C7 00 00 00 00 00 00 00 00 00 00 FF FF 00 00 00 00 00 00 00 00 00 00 00 00 00 07 FD 00 00 00 00 08 7D 07 F4 00 1A 
 00 D3 00 00 00 00 00 00 00 00 00 00 FF FF 00 00 00 00 00 00 00 00 00 00 00 00 00 07 E4 00 00 00 00 08 ED 08 21 00 AB 
 00 D3 00 00 00 00 00 00 00 00 00 00 FF FF 00 00 00 00 00 00 00 00 00 00 00 00 00 08 01 00 00 00 00 08 E7 08 1F 00 C1 
 00 D3 00 00 00 00 00 00 00 00 00 00 FF FF 00 00 00 00 00 00 00 00 00 00 00 00 00 07 E7 00 00 00 00 08 ED 08 23 00 B0 
 00 EE 00 00 00 00 00 00 00 00 00 00 FF FF 00 00 00 00 00 00 00 00 00 00 00 00 00 07 FB 00 00 00 00 08 79 07 F1 00 38 
 00 EE 00 00 00 00 00 00 00 00 00 00 FF FF 00 00 00 00 00 00 00 00 00 00 00 00 00 07 E2 00 00 00 00 08 EB 08 1F 00 C0 
 00 F5 00 00 00 00 00 00 00 00 00 00 FF FF 00 00 00 00 00 00 00 00 00 00 00 00 00 07 FE 00 00 00 00 08 79 07 F1 00 42 
 00 F5 00 00 00 00 00 00 00 00 00 00 FF FF 00 00 00 00 00 00 00 00 00 00 00 00 00 07 E0 00 00 00 00 08 E7 08 1C 00 BE 
 00 F5 00 00 00 00 00 00 00 00 00 00 FF FF 00 00 00 00 00 00 00 00 00 00 00 00 00 07 E3 00 00 00 00 08 EF 08 23 00 D0 
 01 58 00 00 00 00 00 00 00 00 00 00 FF FF 00 00 00 00 00 00 00 00 00 00 00 00 00 07 E5 00 00 00 00 08 F1 08 25 00 3A 
 01 58 00 00 00 00 00 00 00 00 00 00 FF FF 00 00 00 00 00 00 00 00 00 00 00 00 00 08 01 00 00 00 00 08 7B 07 F5 00 B0 
 01 E0 00 00 00 00 00 00 00 00 00 00 FF FF 00 00 00 00 00 00 00 00 00 00 00 00 00 07 E2 00 00 00 00 08 EE 08 23 00 BA 
 01 E0 00 00 00 00 00 00 00 00 00 00 FF FF 00 00 00 00 00 00 00 00 00 00 00 00 00 08 07 00 00 00 00 08 7B 07 F7 00 40 
 01 E0 00 00 00 00 00 00 00 00 00 00 FF FF 00 00 00 00 00 00 00 00 00 00 00 00 00 07 FC 00 00 00 00 08 7A 07 F4 00 30 
 02 84 00 00 00 00 00 00 00 00 00 00 FF FF 00 00 00 00 00 00 00 00 00 00 00 00 00 07 FB 00 00 00 00 08 7D 07 F7 00 DA 
 02 84 00 00 00 00 00 00 00 00 00 00 FF FF 00 00 00 00 00 00 00 00 00 00 00 00 00 07 FA 00 00 00 00 08 7B 07 F4 00 D4 
 02 C4 00 00 00 00 00 00 00 00 00 00 FF FF 00 00 00 00 00 00 00 00 00 00 00 00 00 07 FE 00 00 00 00 08 77 07 F2 00 12 
 02 C4 00 00 00 00 00 00 00 00 00 00 FF FF 00 00 00 00 00 00 00 00 00 00 00 00 00 07 FA 00 00 00 00 08 79 07 F2 00 10 
 02 C4 00 00 00 00 00 00 00 00 00 00 FF FF 00 00 00 00 00 00 00 00 00 00 00 00 00 07 F4 00 00 00 00 08 74 07 F0 00 03 
 03 48 00 00 00 00 00 00 00 00 00 00 FF FF 00 00 00 00 00 00 00 00 00 00 00 00 00 07 FC 00 00 00 00 08 75 07 F0 00 91 
 03 48 00 00 00 00 00 00 00 00 00 00 FF FF 00 00 00 00 00 00 00 00 00 00 00 00 00 07 DC 00 00 00 00 08 E5 08 19 00 0B 
 1F FE 00 00 00 00 00 00 00 00 00 00 FF FF 00 00 00 00 00 00 00 00 00 00 00 00 00 07 FE 00 00 00 00 08 73 07 F1 00 64 
 1F FE 00 00 00 00 00 00 00 00 00 00 FF FF 00 00 00 00 00 00 00 00 00 00 00 00 00 07 FD 00 00 00 00 08 75 07 F3 00 67 
 1F FE 00 00 00 00 00 00 00 00 00 00 FF FF 00 00 00 00 00 00 00 00 00 00 00 00 00 07 FE 00 00 00 00 08 76 07 F3 00 69 
 1F FE 00 00 00 00 00 00 00 00 00 00 FF FF 00 00 00 00 00 00 00 00 00 00 00 00 00 07 F9 00 00 00 00 08 74 07 F0 00 5F 
 1F FE 00 00 00 00 00 00 00 00 00 00 FF FF 00 00 00 00 00 00 00 00 00 00 00 00 00 07 DF 00 00 00 00 08 E5 08 1A 00 E1 
 1F FE 00 00 00 00 00 00 00 00 00 00 FF FF 00 00 00 00 00 00 00 00 00 00 00 00 00 07 FB 00 00 00 00 08 76 07 F2 00 65 
 1F FE 00 00 00 00 00 00 00 00 00 00 FF FF 00 00 00 00 00 00 00 00 00 00 00 00 00 07 DE 00 00 00 00 08 E5 08 1A 00 E0 
 1F FE 00 00 00 00 00 00 00 00 00 00 FF FF 00 00 00 00 00 00 00 00 00 00 00 00 00 07 DE 00 00 00 00 08 E3 08 18 00 DC 
 1F FE 00 00 00 00 00 00 00 00 00 00 FF FF 00 00 00 00 00 00 00 00 00 00 00 00 00 07 FD 00 00 00 00 08 77 07 F3 00 69 
 1F FE 00 00 00 00 00 00 00 00 00 00 FF FF 00 00 00 00 00 00 00 00 00 00 00 00 00 07 DD 00 00 00 00 08 E5 08 1A 00 DF 
 1F FE 00 00 00 00 00 00 00 00 00 00 FF FF 00 00 00 00 00 00 00 00 00 00 00 00 00 07 FB 00 00 00 00 08 76 07 F1 00 64 
 1F FE 00 00 00 00 00 00 00 00 00 00 FF FF 00 00 00 00 00 00 00 00 00 00 00 00 00 07 E2 00 00 00 00 08 E4 08 19 00 E2 
 1F FE 00 00 00 00 00 00 00 00 00 00 FF FF 00 00 00 00 00 00 00 00 00 00 00 00 00 08 00 00 00 00 00 08 7F 07 FA 00 7C 
 1F FE 00 00 00 00 00 00 00 00 00 00 FF FF 00 00 00 00 00 00 00 00 00 00 00 00 00 07 EC 00 00 00 00 08 FD 08 31 00 1D 
 1F FE 00 00 00 00 00 00 00 00 00 00 FF FF 00 00 00 00 00 00 00 00 00 00 00 00 00 08 03 00 00 00 00 08 84 07 F6 00 80 
 1F FE 00 00 00 00 00 00 00 00 00 00 FF FF 00 00 00 00 00 00 00 00 00 00 00 00 00 08 01 00 00 00 00 08 7F 07 FC 00 7F 
 1F FE 00 00 00 00 00 00 00 00 00 00 FF FF 00 00 00 00 00 00 00 00 00 00 00 00 00 08 03 00 00 00 00 08 83 07 F9 00 82 
 1F FE 00 00 00 00 00 00 00 00 00 00 FF FF 00 00 00 00 00 00 00 00 00 00 00 00 00 07 DF 00 00 00 00 08 F0 08 22 00 F4 
 1F FE 00 00 00 00 00 00 00 00 00 00 FF FF 00 00 00 00 00 00 00 00 00 00 00 00 00 07 E0 00 00 00 00 08 F3 08 26 00 FC 
 1F FE 00 00 00 00 00 00 00 00 00 00 FF FF 00 00 00 00 00 00 00 00 00 00 00 00 00 07 FD 00 00 00 00 08 7A 07 F6 00 6F 
 1F FE 00 00 00 00 00 00 00 00 00 00 FF FF 00 00 00 00 00 00 00 00 00 00 00 00 00 07 FF 00 00 00 00 08 76 07 F3 00 6A 
 1F FE 00 00 00 00 00 00 00 00 00 00 FF FF 00 00 00 00 00 00 00 00 00 00 00 00 00 07 D9 00 00 00 00 08 E3 08 17 00 D6 
 1F FE 00 00 00 00 00 00 00 00 00 00 FF FF 00 00 00 00 00 00 00 00 00 00 00 00 00 07 DF 00 00 00 00 08 E3 08 18 00 DD 
 1F FE 00 00 00 00 00 00 00 00 00 00 FF FF 00 00 00 00 00 00 00 00 00 00 00 00 00 07 FD 00 00 00 00 08 78 07 F4 00 6B 
 1F FE 00 00 00 00 00 00 00 00 00 00 FF FF 00 00 00 00 00 00 00 00 00 00 00 00 00 07 FC 00 00 00 00 08 75 07 F3 00 66 
 02 E6 00 00 00 00 00 00 00 00 00 00 FF FF 00 00 00 00 00 00 00 00 00 00 00 00 00 08 03 00 00 00 00 08 73 07 F0 00 34 
 02 E6 00 00 00 00 00 00 00 00 00 00 FF FF 00 00 00 00 00 00 00 00 00 00 00 00 00 08 01 00 00 00 00 08 7D 07 F9 00 45 
 02 E6 00 00 00 00 00 00 00 00 00 00 FF FF 00 00 00 00 00 00 00 00 00 00 00 00 00 08 02 00 00 00 00 08 7F 07 FD 00 4C 
 02 9E 00 00 00 00 00 00 00 00 00 00 FF FF 00 00 00 00 00 00 00 00 00 00 00 00 00 07 DF 00 00 00 00 08 EF 08 22 00 76 
 02 9E 00 00 00 00 00 00 00 00 00 00 FF FF 00 00 00 00 00 00 00 00 00 00 00 00 00 08 02 00 00 00 00 08 82 07 F8 00 02 
 02 AE 00 00 00 00 00 00 00 00 00 00 FF FF 00 00 00 00 00 00 00 00 00 00 00 00 00 08 03 00 00 00 00 08 7F 07 FC 00 14 
 02 AE 00 00 00 00 00 00 00 00 00 00 FF FF 00 00 00 00 00 00 00 00 00 00 00 00 00 07 E4 00 00 00 00 08 F1 08 25 00 90 
 02 AE 00 00 00 00 00 00 00 00 00 00 FF FF 00 00 00 00 00 00 00 00 00 00 00 00 00 07 FE 00 00 00 00 08 7F 07 FC 00 0E 
 00 E5 00 00 00 00 00 00 00 00 00 00 FF FF 00 00 00 00 00 00 00 00 00 00 00 00 00 07 E2 00 00 00 00 08 F0 08 22 00 BF 
 00 E5 00 00 00 00 00 00 00 00 00 00 FF FF 00 00 00 00 00 00 00 00 00 00 00 00 00 08 03 00 00 00 00 08 82 07 F9 00 49 
 00 B6 00 00 00 00 00 00 00 00 00 00 FF FF 00 00 00 00 00 00 00 00 00 00 00 00 00 08 03 00 00 00 00 08 7B 07 FE 00 18 
 00 B6 00 00 00 00 00 00 00 00 00 00 FF FF 00 00 00 00 00 00 00 00 00 00 00 00 00 07 E2 00 00 00 00 08 E3 08 1B 00 7C 
 00 B6 00 00 00 00 00 00 00 00 00 00 FF FF 00 00 00 00 00 00 00 00 00 00 00 00 00 07 E3 00 00 00 00 08 DB 08 1B 00 75 
 00 76 00 00 00 00 00 00 00 00 00 00 FF FF 00 00 00 00 00 00 00 00 00 00 00 00 00 07 E7 00 00 00 00 09 12 08 2D 00 83 
 00 76 00 00 00 00 00 00 00 00 00 00 FF FF 00 00 00 00 00 00 00 00 00 00 00 00 00 08 1C 00 00 00 00 08 7B 07 FD 00 F0 
 00 58 00 00 00 00 00 00 00 00 00 00 FF FF 00 00 00 00 00 00 00 00 00 00 00 00 00 07 FD 00 00 00 00 08 75 07 F5 00 A4 
 00 58 00 00 00 00 00 00 00 00 00 00 FF FF 00 00 00 00 00 00 00 00 00 00 00 00 00 08 02 00 00 00 00 08 75 07 F3 00 A8 
 00 58 00 00 00 00 00 00 00 00 00 00 FF FF 00 00 00 00 00 00 00 00 00 00 00 00 00 08 02 00 00 00 00 08 77 07 FB 00 B2 
 00 3C 00 00 00 00 00 00 00 00 00 00 FF FF 00 00 00 00 00 00 00 00 00 00 00 00 00 07 DE 00 00 00 00 08 E1 08 18 00 F9 
 00 3C 00 00 00 00 00 00 00 00 00 00 FF FF 00 00 00 00 00 00 00 00 00 00 00 00 00 07 E8 00 00 00 00 09 17 08 30 00 52 
 00 34 00 00 00 00 00 00 00 00 00 00 FF FF 00 00 00 00 00 00 00 00 00 00 00 00 00 08 24 00 00 00 00 08 EF 08 20 00 4E 
 00 34 00 00 00 00 00 00 00 00 00 00 FF FF 00 00 00 00 00 00 00 00 00 00 00 00 00 07 ED 00 00 00 00 08 76 08 02 00 7F 
 00 34 00 00 00 00 00 00 00 00 00 00 FF FF 00 00 00 00 00 00 00 00 00 00 00 00 00 08 03 00 00 00 00 08 93 08 08 00 B9 
 00 22 00 00 00 00 00 00 00 00 00 00 FF FF 00 00 00 00 00 00 00 00 00 00 00 00 00 08 2A 00 00 00 00 09 14 08 31 00 79 
 00 22 00 00 00 00 00 00 00 00 00 00 FF FF 00 00 00 00 00 00 00 00 00 00 00 00 00 08 07 00 00 00 00 08 B7 08 0F 00 D6 
 00 13 00 00 00 00 00 00 00 00 00 00 FF FF 00 00 00 00 00 00 00 00 00 00 00 00 00 08 1D 00 00 00 00 08 93 07 FB 00 A4 
 00 13 00 00 00 00 00 00 00 00 00 00 FF FF 00 00 00 00 00 00 00 00 00 00 00 00 00 08 1C 00 00 00 00 08 23 08 1A 00 53 
 00 13 00 00 00 00 00 00 00 00 00 00 FF FF 00 00 00 00 00 00 00 00 00 00 00 00 00 07 FF 00 00 00 00 08 9D 08 0D 00 A2 
 00 16 00 00 00 00 00 00 00 00 00 00 FF FF 00 00 00 00 00 00 00 00 00 00 00 00 00 08 01 00 00 00 00 08 A8 08 01 00 A7 
 00 16 00 00 00 00 00 00 00 00 00 00 FF FF 00 00 00 00 00 00 00 00 00 00 00 00 00 08 1C 00 00 00 00 08 92 07 F5 00 9F 
 00 1A 00 00 00 00 00 00 00 00 00 00 FF FF 00 00 00 00 00 00 00 00 00 00 00 00 00 08 15 00 00 00 00 08 1B 08 11 00 42 
 00 1A 00 00 00 00 00 00 00 00 00 00 FF FF 00 00 00 00 00 00 00 00 00 00 00 00 00 08 06 00 00 00 00 08 AD 08 12 00 C6 
 00 1A 00 00 00 00 00 00 00 00 00 00 FF FF 00 00 00 00 00 00 00 00 00 00 00 00 00 08 28 00 00 00 00 09 19 08 31 00 74 
 00 18 00 00 00 00 00 00 00 00 00 00 FF FF 00 00 00 00 00 00 00 00 00 00 00 00 00 08 07 00 00 00 00 08 BD 08 1C 00 DF 
 00 18 00 00 00 00 00 00 00 00 00 00 FF FF 00 00 00 00 00 00 00 00 00 00 00 00 00 08 25 00 00 00 00 08 1D 08 15 00 56 
 00 25 00 00 00 00 00 00 00 00 00 00 FF FF 00 00 00 00 00 00 00 00 00 00 00 00 00 07 F4 00 00 00 00 08 8A 08 00 00 89 
 00 25 00 00 00 00 00 00 00 00 00 00 FF FF 00 00 00 00 00 00 00 00 00 00 00 00 00 08 25 00 00 00 00 09 13 08 2F 00 74 
 00 25 00 00 00 00 00 00 00 00 00 00 FF FF 00 00 00 00 00 00 00 00 00 00 00 00 00 08 2A 00 00 00 00 09 14 08 31 00 7C 
 00 32 00 00 00 00 00 00 00 00 00 00 FF FF 00 00 00 00 00 00 00 00 00 00 00 00 00 08 29 00 00 00 00 09 23 08 36 00 9C 
 00 32 00 00 00 00 00 00 00 00 00 00 FF FF 00 00 00 00 00 00 00 00 00 00 00 00 00 08 1C 00 00 00 00 08 86 07 FF 00 B9 
 00 54 00 00 00 00 00 00 00 00 00 00 FF FF 00 00 00 00 00 00 00 00 00 00 00 00 00 07 E4 00 00 00 00 08 A0 08 00 00 BE 
 00 54 00 00 00 00 00 00 00 00 00 00 FF FF 00 00 00 00 00 00 00 00 00 00 00 00 00 08 26 00 00 00 00 09 0A 08 2D 00 99 
 00 54 00 00 00 00 00 00 00 00 00 00 FF FF 00 00 00 00 00 00 00 00 00 00 00 00 00 08 02 00 00 00 00 08 8B 07 FD 00 C4 
 00 8C 00 00 00 00 00 00 00 00 00 00 FF FF 00 00 00 00 00 00 00 00 00 00 00 00 00 08 04 00 00 00 00 08 7F 07 FE 00 F3 
 00 8C 00 00 00 00 00 00 00 00 00 00 FF FF 00 00 00 00 00 00 00 00 00 00 00 00 00 08 06 00 00 00 00 08 7D 07 FF 00 F4 
 00 98 00 00 00 00 00 00 00 00 00 00 FF FF 00 00 00 00 00 00 00 00 00 00 00 00 00 07 D6 00 00 00 00 08 E7 08 1B 00 56 
 00 98 00 00 00 00 00 00 00 00 00 00 FF FF 00 00 00 00 00 00 00 00 00 00 00 00 00 07 FB 00 00 00 00 08 7F 08 00 00 F8 
 00 98 00 00 00 00 00 00 00 00 00 00 FF FF 00 00 00 00 00 00 00 00 00 00 00 00 00 08 21 00 00 00 00 08 F6 08 2B 00 C1 
 00 B8 00 00 00 00 00 00 00 00 00 00 FF FF 00 00 00 00 00 00 00 00 00 00 00 00 00 07 FC 00 00 00 00 08 93 08 06 00 33 
 00 B8 00 00 00 00 00 00 00 00 00 00 FF FF 00 00 00 00 00 00 00 00 00 00 00 00 00 08 29 00 00 00 00 09 17 08 30 00 10 
 00 C9 00 00 00 00 00 00 00 00 00 00 FF FF 00 00 00 00 00 00 00 00 00 00 00 00 00 08 06 00 00 00 00 08 9B 08 0F 00 60 
 00 C9 00 00 00 00 00 00 00 00 00 00 FF FF 00 00 00 00 00 00 00 00 00 00 00 00 00 08 27 00 00 00 00 09 11 08 2C 00 15 
 00 C9 00 00 00 00 00 00 00 00 00 00 FF FF 00 00 00 00 00 00 00 00 00 00 00 00 00 07 F9 00 00 00 00 08 93 08 05 00 40 
 01 0A 00 00 00 00 00 00 00 00 00 00 FF FF 00 00 00 00 00 00 00 00 00 00 00 00 00 08 18 00 00 00 00 08 84 07 F9 00 86 
 01 0A 00 00 00 00 00 00 00 00 00 00 FF FF 00 00 00 00 00 00 00 00 00 00 00 00 00 08 04 00 00 00 00 08 B5 08 18 00 C3 
 01 20 00 00 00 00 00 00 00 00 00 00 FF FF 00 00 00 00 00 00 00 00 00 00 00 00 00 08 24 00 00 00 00 08 1D 08 0F 00 58 
 01 20 00 00 00 00 00 00 00 00 00 00 FF FF 00 00 00 00 00 00 00 00 00 00 00 00 00 07 F7 00 00 00 00 08 9C 08 0A 00 A4 
 01 20 00 00 00 00 00 00 00 00 00 00 FF FF 00 00 00 00 00 00 00 00 00 00 00 00 00 07 FF 00 00 00 00 08 AB 08 07 00 B8 
 01 50 00 00 00 00 00 00 00 00 00 00 FF FF 00 00 00 00 00 00 00 00 00 00 00 00 00 08 06 00 00 00 00 08 31 08 15 00 84 
 01 50 00 00 00 00 00 00 00 00 00 00 FF FF 00 00 00 00 00 00 00 00 00 00 00 00 00 07 F6 00 00 00 00 08 8F 08 0C 00 C8 
 01 37 00 00 00 00 00 00 00 00 00 00 FF FF 00 00 00 00 00 00 00 00 00 00 00 00 00 07 FF 00 00 00 00 08 99 08 0C 00 C2 
 01 37 00 00 00 00 00 00 00 00 00 00 FF FF 00 00 00 00 00 00 00 00 00 00 00 00 00 08 1F 00 00 00 00 09 13 08 2D 00 7F 
 01 37 00 00 00 00 00 00 00 00 00 00 FF FF 00 00 00 00 00 00 00 00 00 00 00 00 00 08 02 00 00 00 00 08 AA 08 07 00 D2 
 00 F8 00 00 00 00 00 00 00 00 00 00 FF FF 00 00 00 00 00 00 00 00 00 00 00 00 00 08 25 00 00 00 00 08 25 08 19 00 42 
 00 F8 00 00 00 00 00 00 00 00 00 00 FF FF 00 00 00 00 00 00 00 00 00 00 00 00 00 08 02 00 00 00 00 08 9E 08 0D 00 8C 
 00 8F 00 00 00 00 00 00 00 00 00 00 FF FF 00 00 00 00 00 00 00 00 00 00 00 00 00 08 15 00 00 00 00 08 83 07 FA 00 07 
 00 8F 00 00 00 00 00 00 00 00 00 00 FF FF 00 00 00 00 00 00 00 00 00 00 00 00 00 08 16 00 00 00 00 08 75 07 F5 00 F5 
 00 8F 00 00 00 00 00 00 00 00 00 00 FF FF 00 00 00 00 00 00 00 00 00 00 00 00 00 08 34 00 00 00 00 08 04 07 FD 00 AA 
 00 77 00 00 00 00 00 00 00 00 00 00 FF FF 00 00 00 00 00 00 00 00 00 00 00 00 00 07 EA 00 00 00 00 09 0B 08 1B 00 6E 
 00 77 00 00 00 00 00 00 00 00 00 00 FF FF 00 00 00 00 00 00 00 00 00 00 00 00 00 08 23 00 00 00 00 08 FF 08 2B 00 AB 
 00 3F 00 00 00 00 00 00 00 00 00 00 FF FF 00 00 00 00 00 00 00 00 00 00 00 00 00 07 E4 00 00 00 00 08 88 08 09 00 9A 
 00 3F 00 00 00 00 00 00 00 00 00 00 FF FF 00 00 00 00 00 00 00 00 00 00 00 00 00 08 1E 00 00 00 00 08 7F 07 FD 00 BF 
 00 3F 00 00 00 00 00 00 00 00 00 00 FF FF 00 00 00 00 00 00 00 00 00 00 00 00 00 07 E4 00 00 00 00 08 82 08 07 00 92 
 00 31 00 00 00 00 00 00 00 00 00 00 FF FF 00 00 00 00 00 00 00 00 00 00 00 00 00 08 1D 00 00 00 00 08 F1 08 1F 00 45 
 00 31 00 00 00 00 00 00 00 00 00 00 FF FF 00 00 00 00 00 00 00 00 00 00 00 00 00 08 02 00 00 00 00 08 83 07 F9 00 95 
 00 26 00 00 00 00 00 00 00 00 00 00 FF FF 00 00 00 00 00 00 00 00 00 00 00 00 00 08 1F 00 00 00 00 08 7A 07 FE 00 A3 
 00 26 00 00 00 00 00 00 00 00 00 00 FF FF 00 00 00 00 00 00 00 00 00 00 00 00 00 08 01 00 00 00 00 08 87 08 08 00 9D 
 00 26 00 00 00 00 00 00 00 00 00 00 FF FF 00 00 00 00 00 00 00 00 00 00 00 00 00 08 09 00 00 00 00 09 07 08 25 00 43 
 00 12 00 00 00 00 00 00 00 00 00 00 FF FF 00 00 00 00 00 00 00 00 00 00 00 00 00 08 1A 00 00 00 00 09 0B 08 25 00 44 
 00 12 00 00 00 00 00 00 00 00 00 00 FF FF 00 00 00 00 00 00 00 00 00 00 00 00 00 08 00 00 00 00 00 08 98 08 0C 00 9D 
 00 15 00 00 00 00 00 00 00 00 00 00 FF FF 00 00 00 00 00 00 00 00 00 00 00 00 00 08 1F 00 00 00 00 09 0D 08 2A 00 53 
 00 15 00 00 00 00 00 00 00 00 00 00 FF FF 00 00 00 00 00 00 00 00 00 00 00 00 00 08 25 00 00 00 00 09 1B 08 35 00 72 
 00 15 00 00 00 00 00 00 00 00 00 00 FF FF 00 00 00 00 00 00 00 00 00 00 00 00 00 08 08 00 00 00 00 08 9D 08 10 00 B1 
 00 18 00 00 00 00 00 00 00 00 00 00 FF FF 00 00 00 00 00 00 00 00 00 00 00 00 00 08 1A 00 00 00 00 08 1D 08 0F 00 45 
 00 18 00 00 00 00 00 00 00 00 00 00 FF FF 00 00 00 00 00 00 00 00 00 00 00 00 00 08 12 00 00 00 00 08 83 07 F9 00 8C 
 00 1A 00 00 00 00 00 00 00 00 00 00 FF FF 00 00 00 00 00 00 00 00 00 00 00 00 00 08 28 00 00 00 00 08 0E 07 FE 00 34 
 00 1A 00 00 00 00 00 00 00 00 00 00 FF FF 00 00 00 00 00 00 00 00 00 00 00 00 00 08 10 00 00 00 00 08 A4 07 FE 00 B2 
 00 1A 00 00 00 00 00 00 00 00 00 00 FF FF 00 00 00 00 00 00 00 00 00 00 00 00 00 07 D3 00 00 00 00 08 F9 08 21 00 ED 
 00 16 00 00 00 00 00 00 00 00 00 00 FF FF 00 00 00 00 00 00 00 00 00 00 00 00 00 08 1B 00 00 00 00 08 85 07 FC 00 98 
 00 16 00 00 00 00 00 00 00 00 00 00 FF FF 00 00 00 00 00 00 00 00 00 00 00 00 00 08 1A 00 00 00 00 08 75 07 FC 00 87 
 00 18 00 00 00 00 00 00 00 00 00 00 FF FF 00 00 00 00 00 00 00 00 00 00 00 00 00 08 0B 00 00 00 00 08 01 08 02 00 0D 
 00 18 00 00 00 00 00 00 00 00 00 00 FF FF 00 00 00 00 00 00 00 00 00 00 00 00 00 07 E7 00 00 00 00 08 AA 08 0E 00 9D 
 00 18 00 00 00 00 00 00 00 00 00 00 FF FF 00 00 00 00 00 00 00 00 00 00 00 00 00 08 12 00 00 00 00 08 7F 07 F9 00 88 
 00 10 00 00 00 00 00 00 00 00 00 00 FF FF 00 00 00 00 00 00 00 00 00 00 00 00 00 07 F3 00 00 00 00 09 22 08 32 00 3E 
 00 10 00 00 00 00 00 00 00 00 00 00 FF FF 00 00 00 00 00 00 00 00 00 00 00 00 00 07 FF 00 00 00 00 08 F1 08 21 00 07 
 00 15 00 00 00 00 00 00 00 00 00 00 FF FF 00 00 00 00 00 00 00 00 00 00 00 00 00 07 F5 00 00 00 00 09 21 08 3B 00 4D 
 00 15 00 00 00 00 00 00 00 00 00 00 FF FF 00 00 00 00 00 00 00 00 00 00 00 00 00 08 00 00 00 00 00 08 ED 08 1E 00 07 
 00 15 00 00 00 00 00 00 00 00 00 00 FF FF 00 00 00 00 00 00 00 00 00 00 00 00 00 07 FA 00 00 00 00 09 25 08 3B 00 56 
 00 13 00 00 00 00 00 00 00 00 00 00 FF FF 00 00 00 00 00 00 00 00 00 00 00 00 00 08 02 00 00 00 00 08 F3 08 21 00 10 
 00 13 00 00 00 00 00 00 00 00 00 00 FF FF 00 00 00 00 00 00 00 00 00 00 00 00 00 07 FD 00 00 00 00 08 E1 08 13 00 EA 
 00 13 00 00 00 00 00 00 00 00 00 00 FF FF 00 00 00 00 00 00 00 00 00 00 00 00 00 07 F4 00 00 00 00 08 7D 08 04 00 6E 
 00 13 00 00 00 00 00 00 00 00 00 00 FF FF 00 00 00 00 00 00 00 00 00 00 00 00 00 07 FD 00 00 00 00 08 E1 08 12 00 E9 
 00 13 00 00 00 00 00 00 00 00 00 00 FF FF 00 00 00 00 00 00 00 00 00 00 00 00 00 08 02 00 00 00 00 08 F5 08 21 00 12 
 00 14 00 00 00 00 00 00 00 00 00 00 FF FF 00 00 00 00 00 00 00 00 00 00 00 00 00 07 F1 00 00 00 00 08 7E 08 08 00 71 
 00 14 00 00 00 00 00 00 00 00 00 00 FF FF 00 00 00 00 00 00 00 00 00 00 00 00 00 07 FD 00 00 00 00 08 E3 08 16 00 F0 
 00 13 00 00 00 00 00 00 00 00 00 00 FF FF 00 00 00 00 00 00 00 00 00 00 00 00 00 08 00 00 00 00 00 08 F4 08 21 00 0F 
 00 13 00 00 00 00 00 00 00 00 00 00 FF FF 00 00 00 00 00 00 00 00 00 00 00 00 00 08 09 00 00 00 00 09 1E 08 44 00 66 
 00 13 00 00 00 00 00 00 00 00 00 00 FF FF 00 00 00 00 00 00 00 00 00 00 00 00 00 07 F8 00 00 00 00 08 A7 08 16 00 AE 
 00 13 00 00 00 00 00 00 00 00 00 00 FF FF 00 00 00 00 00 00 00 00 00 00 00 00 00 07 F4 00 00 00 00 08 8B 08 00 00 78 
 00 13 00 00 00 00 00 00 00 00 00 00 FF FF 00 00 00 00 00 00 00 00 00 00 00 00 00 08 16 00 00 00 00 08 19 07 F7 00 1F 
 00 13 00 00 00 00 00 00 00 00 00 00 FF FF 00 00 00 00 00 00 00 00 00 00 00 00 00 07 E2 00 00 00 00 09 2B 08 43 00 4A 
 00 13 00 00 00 00 00 00 00 00 00 00 FF FF 00 00 00 00 00 00 00 00 00 00 00 00 00 08 2F 00 00 00 00 08 7B 07 F8 00 9B 
 00 13 00 00 00 00 00 00 00 00 00 00 FF FF 00 00 00 00 00 00 00 00 00 00 00 00 00 07 EA 00 00 00 00 09 23 08 3F 00 46 
 00 15 00 00 00 00 00 00 00 00 00 00 FF FF 00 00 00 00 00 00 00 00 00 00 00 00 00 07 F2 00 00 00 00 08 97 08 06 00 8A 
 00 15 00 00 00 00 00 00 00 00 00 00 FF FF 00 00 00 00 00 00 00 00 00 00 00 00 00 07 FB 00 00 00 00 09 1F 08 39 00 4F 
 00 17 00 00 00 00 00 00 00 00 00 00 FF FF 00 00 00 00 00 00 00 00 00 00 00 00 00 07 FC 00 00 00 00 08 EB 08 1C 00 00 
 00 17 00 00 00 00 00 00 00 00 00 00 FF FF 00 00 00 00 00 00 00 00 00 00 00 00 00 08 1E 00 00 00 00 08 F6 08 27 00 39 
 00 17 00 00 00 00 00 00 00 00 00 00 FF FF 00 00 00 00 00 00 00 00 00 00 00 00 00 08 05 00 00 00 00 08 F3 08 20 00 16 
 00 13 00 00 00 00 00 00 00 00 00 00 FF FF 00 00 00 00 00 00 00 00 00 00 00 00 00 07 FA 00 00 00 00 08 F1 08 1F 00 03 
 00 13 00 00 00 00 00 00 00 00 00 00 FF FF 00 00 00 00 00 00 00 00 00 00 00 00 00 08 03 00 00 00 00 08 F1 08 1E 00 0C 
 00 11 00 00 00 00 00 00 00 00 00 00 FF FF 00 00 00 00 00 00 00 00 00 00 00 00 00 07 FA 00 00 00 00 09 25 08 3C 00 53 
 00 11 00 00 00 00 00 00 00 00 00 00 FF FF 00 00 00 00 00 00 00 00 00 00 00 00 00 07 F5 00 00 00 00 09 23 08 3A 00 4A 
 00 11 00 00 00 00 00 00 00 00 00 00 FF FF 00 00 00 00 00 00 00 00 00 00 00 00 00 07 FA 00 00 00 00 09 25 08 3E 00 55 
 00 10 00 00 00 00 00 00 00 00 00 00 FF FF 00 00 00 00 00 00 00 00 00 00 00 00 00 07 FD 00 00 00 00 08 F1 08 1C 00 00 
 00 10 00 00 00 00 00 00 00 00 00 00 FF FF 00 00 00 00 00 00 00 00 00 00 00 00 00 07 FD 00 00 00 00 09 2B 08 42 00 61 
 00 0D 00 00 00 00 00 00 00 00 00 00 FF FF 00 00 00 00 00 00 00 00 00 00 00 00 00 08 00 00 00 00 00 08 F4 08 1E 00 06 
 00 0D 00 00 00 00 00 00 00 00 00 00 FF FF 00 00 00 00 00 00 00 00 00 00 00 00 00 08 1F 00 00 00 00 08 FD 08 30 00 40 
 00 0D 00 00 00 00 00 00 00 00 00 00 FF FF 00 00 00 00 00 00 00 00 00 00 00 00 00 07 EE 00 00 00 00 07 FF 08 3E 00 1D 
 00 12 00 00 00 00 00 00 00 00 00 00 FF FF 00 00 00 00 00 00 00 00 00 00 00 00 00 08 0C 00 00 00 00 08 7C 07 F8 00 78 
 00 12 00 00 00 00 00 00 00 00 00 00 FF FF 00 00 00 00 00 00 00 00 00 00 00 00 00 07 F9 00 00 00 00 08 E2 08 0C 00 DF 
 00 13 00 00 00 00 00 00 00 00 00 00 FF FF 00 00 00 00 00 00 00 00 00 00 00 00 00 07 F6 00 00 00 00 08 E1 08 10 00 E0 
 00 13 00 00 00 00 00 00 00 00 00 00 FF FF 00 00 00 00 00 00 00 00 00 00 00 00 00 08 06 00 00 00 00 09 2C 08 41 00 6E 
 00 13 00 00 00 00 00 00 00 00 00 00 FF FF 00 00 00 00 00 00 00 00 00 00 00 00 00 08 02 00 00 00 00 09 04 08 29 00 2A 
 00 15 00 00 00 00 00 00 00 00 00 00 FF FF 00 00 00 00 00 00 00 00 00 00 00 00 00 07 FA 00 00 00 00 08 1F 08 0A 00 1E 
 00 15 00 00 00 00 00 00 00 00 00 00 FF FF 00 00 00 00 00 00 00 00 00 00 00 00 00 08 13 00 00 00 00 08 14 07 F4 00 16 
 00 11 00 00 00 00 00 00 00 00 00 00 FF FF 00 00 00 00 00 00 00 00 00 00 00 00 00 07 CD 00 00 00 00 08 E7 08 0E 00 B9 
 00 11 00 00 00 00 00 00 00 00 00 00 FF FF 00 00 00 00 00 00 00 00 00 00 00 00 00 07 F9 00 00 00 00 09 24 08 3C 00 51 
 00 11 00 00 00 00 00 00 00 00 00 00 FF FF 00 00 00 00 00 00 00 00 00 00 00 00 00 07 FC 00 00 00 00 09 26 08 3F 00 59 
 00 14 00 00 00 00 00 00 00 00 00 00 FF FF 00 00 00 00 00 00 00 00 00 00 00 00 00 07 F9 00 00 00 00 08 F2 08 1C 00 01 
 00 14 00 00 00 00 00 00 00 00 00 00 FF FF 00 00 00 00 00 00 00 00 00 00 00 00 00 07 FF 00 00 00 00 09 2E 08 4A 00 72 
 00 13 00 00 00 00 00 00 00 00 00 00 FF FF 00 00 00 00 00 00 00 00 00 00 00 00 00 07 F7 00 00 00 00 08 F3 08 1D 00 00 
 00 13 00 00 00 00 00 00 00 00 00 00 FF FF 00 00 00 00 00 00 00 00 00 00 00 00 00 07 FD 00 00 00 00 09 33 08 4D 00 77 
 00 13 00 00 00 00 00 00 00 00 00 00 FF FF 00 00 00 00 00 00 00 00 00 00 00 00 00 07 F9 00 00 00 00 08 F5 08 1F 00 06 
 00 14 00 00 00 00 00 00 00 00 00 00 FF FF 00 00 00 00 00 00 00 00 00 00 00 00 00 07 F5 00 00 00 00 09 2C 08 46 00 62 
 00 14 00 00 00 00 00 00 00 00 00 00 FF FF 00 00 00 00 00 00 00 00 00 00 00 00 00 07 F6 00 00 00 00 09 2D 08 48 00 66 
 00 14 00 00 00 00 00 00 00 00 00 00 FF FF 00 00 00 00 00 00 00 00 00 00 00 00 00 07 F3 00 00 00 00 08 F2 08 1B 00 FA 
 00 11 00 00 00 00 00 00 00 00 00 00 FF FF 00 00 00 00 00 00 00 00 00 00 00 00 00 07 F5 00 00 00 00 08 F6 08 1C 00 FE 
 00 11 00 00 00 00 00 00 00 00 00 00 FF FF 00 00 00 00 00 00 00 00 00 00 00 00 00 07 FF 00 00 00 00 09 2D 08 47 00 6B 
 00 12 00 00 00 00 00 00 00 00 00 00 FF FF 00 00 00 00 00 00 00 00 00 00 00 00 00 07 F6 00 00 00 00 09 2E 08 47 00 64 
 00 12 00 00 00 00 00 00 00 00 00 00 FF FF 00 00 00 00 00 00 00 00 00 00 00 00 00 07 F2 00 00 00 00 08 F5 08 1D 00 FC 
 00 19 00 00 00 00 00 00 00 00 00 00 FF FF 00 00 00 00 00 00 00 00 00 00 00 00 00 07 F4 00 00 00 00 09 2D 08 47 00 68 
 00 19 00 00 00 00 00 00 00 00 00 00 FF FF 00 00 00 00 00 00 00 00 00 00 00 00 00 07 FA 00 00 00 00 08 F8 08 21 00 12 
 00 19 00 00 00 00 00 00 00 00 00 00 FF FF 00 00 00 00 00 00 00 00 00 00 00 00 00 07 F9 00 00 00 00 09 2F 08 4A 00 72 
 00 18 00 00 00 00 00 00 00 00 00 00 FF FF 00 00 00 00 00 00 00 00 00 00 00 00 00 07 EE 00 00 00 00 08 88 08 04 00 78 
 00 18 00 00 00 00 00 00 00 00 00 00 FF FF 00 00 00 00 00 00 00 00 00 00 00 00 00 07 EE 00 00 00 00 08 DE 08 0D 00 D7 
 00 1D 00 00 00 00 00 00 00 00 00 00 FF FF 00 00 00 00 00 00 00 00 00 00 00 00 00 07 F5 00 00 00 00 08 F1 08 1C 00 05 
 00 1D 00 00 00 00 00 00 00 00 00 00 FF FF 00 00 00 00 00 00 00 00 00 00 00 00 00 07 F4 00 00 00 00 08 F4 08 21 00 0C 
 00 1D 00 00 00 00 00 00 00 00 00 00 FF FF 00 00 00 00 00 00 00 00 00 00 00 00 00 07 FA 00 00 00 00 08 F7 08 1E 00 12 
 00 1B 00 00 00 00 00 00 00 00 00 00 FF FF 00 00 00 00 00 00 00 00 00 00 00 00 00 07 F7 00 00 00 00 09 2F 08 4A 00 72 
 00 1B 00 00 00 00 00 00 00 00 00 00 FF FF 00 00 00 00 00 00 00 00 00 00 00 00 00 07 FA 00 00 00 00 09 34 08 4F 00 7F 
 00 15 00 00 00 00 00 00 00 00 00 00 FF FF 00 00 00 00 00 00 00 00 00 00 00 00 00 07 F9 00 00 00 00 09 2F 08 4A 00 6E 
 00 15 00 00 00 00 00 00 00 00 00 00 FF FF 00 00 00 00 00 00 00 00 00 00 00 00 00 07 F4 00 00 00 00 08 F5 08 1D 00 01 
 00 15 00 00 00 00 00 00 00 00 00 00 FF FF 00 00 00 00 00 00 00 00 00 00 00 00 00 07 F7 00 00 00 00 09 2B 08 46 00 64 
 00 17 00 00 00 00 00 00 00 00 00 00 FF FF 00 00 00 00 00 00 00 00 00 00 00 00 00 07 F5 00 00 00 00 08 F2 08 1A 00 FE 
 00 17 00 00 00 00 00 00 00 00 00 00 FF FF 00 00 00 00 00 00 00 00 00 00 00 00 00 07 FA 00 00 00 00 09 33 08 4F 00 7A 
 00 19 00 00 00 00 00 00 00 00 00 00 FF FF 00 00 00 00 00 00 00 00 00 00 00 00 00 07 F5 00 00 00 00 08 F5 08 1C 00 05 
 00 19 00 00 00 00 00 00 00 00 00 00 FF FF 00 00 00 00 00 00 00 00 00 00 00 00 00 07 FB 00 00 00 00 09 32 08 4F 00 7C 
 00 19 00 00 00 00 00 00 00 00 00 00 FF FF 00 00 00 00 00 00 00 00 00 00 00 00 00 08 12 00 00 00 00 09 0A 08 30 00 4D 
 00 18 00 00 00 00 00 00 00 00 00 00 FF FF 00 00 00 00 00 00 00 00 00 00 00 00 00 08 01 00 00 00 00 09 34 08 53 00 88 
 00 18 00 00 00 00 00 00 00 00 00 00 FF FF 00 00 00 00 00 00 00 00 00 00 00 00 00 07 FC 00 00 00 00 08 9D 08 17 00 AE 
 00 10 00 00 00 00 00 00 00 00 00 00 FF FF 00 00 00 00 00 00 00 00 00 00 00 00 00 08 2C 00 00 00 00 08 7D 07 FD 00 9C 
 00 10 00 00 00 00 00 00 00 00 00 00 FF FF 00 00 00 00 00 00 00 00 00 00 00 00 00 08 1C 00 00 00 00 09 15 08 3A 00 63 
 00 10 00 00 00 00 00 00 00 00 00 00 FF FF 00 00 00 00 00 00 00 00 00 00 00 00 00 08 1D 00 00 00 00 08 26 07 FE 00 37 
 00 15 00 00 00 00 00 00 00 00 00 00 FF FF 00 00 00 00 00 00 00 00 00 00 00 00 00 08 0D 00 00 00 00 08 13 08 06 00 22 
 00 15 00 00 00 00 00 00 00 00 00 00 FF FF 00 00 00 00 00 00 00 00 00 00 00 00 00 08 30 00 00 00 00 08 8F 07 F9 00 B3 
 00 15 00 00 00 00 00 00 00 00 00 00 FF FF 00 00 00 00 00 00 00 00 00 00 00 00 00 08 0F 00 00 00 00 08 39 08 0F 00 53 
 00 17 00 00 00 00 00 00 00 00 00 00 FF FF 00 00 00 00 00 00 00 00 00 00 00 00 00 08 10 00 00 00 00 08 9B 08 0E 00 B7 
 00 17 00 00 00 00 00 00 00 00 00 00 FF FF 00 00 00 00 00 00 00 00 00 00 00 00 00 08 18 00 00 00 00 08 98 08 0A 00 B8 
 00 15 00 00 00 00 00 00 00 00 00 00 FF FF 00 00 00 00 00 00 00 00 00 00 00 00 00 08 13 00 00 00 00 08 97 08 0A 00 B0 
 00 15 00 00 00 00 00 00 00 00 00 00 FF FF 00 00 00 00 00 00 00 00 00 00 00 00 00 08 1C 00 00 00 00 08 99 08 0E 00 BF 
 00 12 00 00 00 00 00 00 00 00 00 00 FF FF 00 00 00 00 00 00 00 00 00 00 00 00 00 08 14 00 00 00 00 08 99 08 0D 00 B3 
 00 12 00 00 00 00 00 00 00 00 00 00 FF FF 00 00 00 00 00 00 00 00 00 00 00 00 00 08 13 00 00 00 00 08 97 08 0C 00 AF 
 00 12 00 00 00 00 00 00 00 00 00 00 FF FF 00 00 00 00 00 00 00 00 00 00 00 00 00 08 15 00 00 00 00 08 8F 08 08 00 A5 
 00 0E 00 00 00 00 00 00 00 00 00 00 FF FF 00 00 00 00 00 00 00 00 00 00 00 00 00 08 1A 00 00 00 00 08 93 08 06 00 A8 
 00 0E 00 00 00 00 00 00 00 00 00 00 FF FF 00 00 00 00 00 00 00 00 00 00 00 00 00 08 15 00 00 00 00 08 1B 07 FB 00 1F 
 00 17 00 00 00 00 00 00 00 00 00 00 FF FF 00 00 00 00 00 00 00 00 00 00 00 00 00 08 14 00 00 00 00 08 1D 07 FB 00 29 
 00 17 00 00 00 00 00 00 00 00 00 00 FF FF 00 00 00 00 00 00 00 00 00 00 00 00 00 08 22 00 00 00 00 08 11 07 FF 00 2F 
 00 17 00 00 00 00 00 00 00 00 00 00 FF FF 00 00 00 00 00 00 00 00 00 00 00 00 00 08 1C 00 00 00 00 08 9A 08 0E 00 C2 
 00 19 00 00 00 00 00 00 00 00 00 00 FF FF 00 00 00 00 00 00 00 00 00 00 00 00 00 08 16 00 00 00 00 08 1D 07 FF 00 31 
 00 19 00 00 00 00 00 00 00 00 00 00 FF FF 00 00 00 00 00 00 00 00 00 00 00 00 00 08 24 00 00 00 00 08 1F 07 FF 00 41 
 00 1B 00 00 00 00 00 00 00 00 00 00 FF FF 00 00 00 00 00 00 00 00 00 00 00 00 00 08 12 00 00 00 00 08 99 08 0B 00 B8 
 00 1B 00 00 00 00 00 00 00 00 00 00 FF FF 00 00 00 00 00 00 00 00 00 00 00 00 00 08 11 00 00 00 00 08 1D 07 FB 00 2A 
 00 1B 00 00 00 00 00 00 00 00 00 00 FF FF 00 00 00 00 00 00 00 00 00 00 00 00 00 08 15 00 00 00 00 08 18 07 FA 00 28 
 00 19 00 00 00 00 00 00 00 00 00 00 FF FF 00 00 00 00 00 00 00 00 00 00 00 00 00 08 16 00 00 00 00 08 99 08 0E 00 BD 
 00 19 00 00 00 00 00 00 00 00 00 00 FF FF 00 00 00 00 00 00 00 00 00 00 00 00 00 08 15 00 00 00 00 08 9A 08 0A 00 B9 
 00 1B 00 00 00 00 00 00 00 00 00 00 FF FF 00 00 00 00 00 00 00 00 00 00 00 00 00 08 16 00 00 00 00 08 97 08 0B 00 BA 
 00 1B 00 00 00 00 00 00 00 00 00 00 FF FF 00 00 00 00 00 00 00 00 00 00 00 00 00 08 15 00 00 00 00 08 99 08 0D 00 BD 
 00 1B 00 00 00 00 00 00 00 00 00 00 FF FF 00 00 00 00 00 00 00 00 00 00 00 00 00 08 11 00 00 00 00 08 97 08 0C 00 B6 
 00 1B 00 00 00 00 00 00 00 00 00 00 FF FF 00 00 00 00 00 00 00 00 00 00 00 00 00 08 13 00 00 00 00 08 95 08 08 00 B2 
 00 1B 00 00 00 00 00 00 00 00 00 00 FF FF 00 00 00 00 00 00 00 00 00 00 00 00 00 07 FA 00 00 00 00 08 1F 08 00 00 1A 
 00 1A 00 00 00 00 00 00 00 00 00 00 FF FF 00 00 00 00 00 00 00 00 00 00 00 00 00 08 0A 00 00 00 00 08 15 07 EA 00 09 
 00 1A 00 00 00 00 00 00 00 00 00 00 FF FF 00 00 00 00 00 00 00 00 00 00 00 00 00 07 CB 00 00 00 00 08 E4 08 0A 00 B9 
 00 1A 00 00 00 00 00 00 00 00 00 00 FF FF 00 00 00 00 00 00 00 00 00 00 00 00 00 08 19 00 00 00 00 08 1F 07 F9 00 31 
 00 18 00 00 00 00 00 00 00 00 00 00 FF FF 00 00 00 00 00 00 00 00 00 00 00 00 00 08 03 00 00 00 00 09 34 08 4E 00 85 
 00 18 00 00 00 00 00 00 00 00 00 00 FF FF 00 00 00 00 00 00 00 00 00 00 00 00 00 07 F7 00 00 00 00 09 27 08 4A 00 67 
 00 0D 00 00 00 00 00 00 00 00 00 00 FF FF 00 00 00 00 00 00 00 00 00 00 00 00 00 08 14 00 00 00 00 08 76 08 00 00 7E 
 00 0D 00 00 00 00 00 00 00 00 00 00 FF FF 00 00 00 00 00 00 00 00 00 00 00 00 00 08 05 00 00 00 00 09 39 08 56 00 89 
 00 0D 00 00 00 00 00 00 00 00 00 00 FF FF 00 00 00 00 00 00 00 00 00 00 00 00 00 07 FE 00 00 00 00 09 25 08 49 00 60 
 00 0F 00 00 00 00 00 00 00 00 00 00 FF FF 00 00 00 00 00 00 00 00 00 00 00 00 00 08 0E 00 00 00 00 08 15 07 F0 00 08 
 00 0F 00 00 00 00 00 00 00 00 00 00 FF FF 00 00 00 00 00 00 00 00 00 00 00 00 00 08 08 00 00 00 00 09 33 08 4F 00 81 
 00 0D 00 00 00 00 00 00 00 00 00 00 FF FF 00 00 00 00 00 00 00 00 00 00 00 00 00 08 14 00 00 00 00 08 B9 07 FF 00 BF 
 00 0D 00 00 00 00 00 00 00 00 00 00 FF FF 00 00 00 00 00 00 00 00 00 00 00 00 00 08 04 00 00 00 00 08 0A 08 01 00 03 
 00 0D 00 00 00 00 00 00 00 00 00 00 FF FF 00 00 00 00 00 00 00 00 00 00 00 00 00 08 0D 00 00 00 00 08 1B 07 F4 00 0F 
 00 09 00 00 00 00 00 00 00 00 00 00 FF FF 00 00 00 00 00 00 00 00 00 00 00 00 00 08 17 00 00 00 00 08 99 08 0C 00 AC 
 00 09 00 00 00 00 00 00 00 00 00 00 FF FF 00 00 00 00 00 00 00 00 00 00 00 00 00 08 18 00 00 00 00 08 21 07 FC 00 24 
 00 13 00 00 00 00 00 00 00 00 00 00 FF FF 00 00 00 00 00 00 00 00 00 00 00 00 00 08 16 00 00 00 00 08 97 08 09 00 B0 
 00 13 00 00 00 00 00 00 00 00 00 00 FF FF 00 00 00 00 00 00 00 00 00 00 00 00 00 08 22 00 00 00 00 08 9B 08 13 00 CA 
 00 13 00 00 00 00 00 00 00 00 00 00 FF FF 00 00 00 00 00 00 00 00 00 00 00 00 00 08 1B 00 00 00 00 08 93 08 11 00 B9 
 00 18 00 00 00 00 00 00 00 00 00 00 FF FF 00 00 00 00 00 00 00 00 00 00 00 00 00 08 16 00 00 00 00 08 92 08 0B 00 B2 
 00 18 00 00 00 00 00 00 00 00 00 00 FF FF 00 00 00 00 00 00 00 00 00 00 00 00 00 08 13 00 00 00 00 08 8F 08 09 00 AA 
 00 1B 00 00 00 00 00 00 00 00 00 00 FF FF 00 00 00 00 00 00 00 00 00 00 00 00 00 08 10 00 00 00 00 08 93 08 08 00 AD 
 00 1B 00 00 00 00 00 00 00 00 00 00 FF FF 00 00 00 00 00 00 00 00 00 00 00 00 00 08 0F 00 00 00 00 08 1E 07 F6 00 24 
 00 1B 00 00 00 00 00 00 00 00 00 00 FF FF 00 00 00 00 00 00 00 00 00 00 00 00 00 08 11 00 00 00 00 08 93 08 0B 00 B1 
 00 18 00 00 00 00 00 00 00 00 00 00 FF FF 00 00 00 00 00 00 00 00 00 00 00 00 00 08 12 00 00 00 00 08 91 08 07 00 A9 
 00 18 00 00 00 00 00 00 00 00 00 00 FF FF 00 00 00 00 00 00 00 00 00 00 00 00 00 08 0D 00 00 00 00 08 1F 07 F4 00 1E 
 00 1A 00 00 00 00 00 00 00 00 00 00 FF FF 00 00 00 00 00 00 00 00 00 00 00 00 00 08 12 00 00 00 00 08 1C 07 F5 00 23 
 00 1A 00 00 00 00 00 00 00 00 00 00 FF FF 00 00 00 00 00 00 00 00 00 00 00 00 00 08 1E 00 00 00 00 08 15 07 FB 00 2E 
 00 1A 00 00 00 00 00 00 00 00 00 00 FF FF 00 00 00 00 00 00 00 00 00 00 00 00 00 08 19 00 00 00 00 08 94 08 0C 00 BA 
 00 14 00 00 00 00 00 00 00 00 00 00 FF FF 00 00 00 00 00 00 00 00 00 00 00 00 00 08 1A 00 00 00 00 08 92 08 0D 00 B4 
 00 14 00 00 00 00 00 00 00 00 00 00 FF FF 00 00 00 00 00 00 00 00 00 00 00 00 00 08 1A 00 00 00 00 08 1F 07 F6 00 29 
 00 15 00 00 00 00 00 00 00 00 00 00 FF FF 00 00 00 00 00 00 00 00 00 00 00 00 00 08 01 00 00 00 00 08 90 08 04 00 91 
 00 15 00 00 00 00 00 00 00 00 00 00 FF FF 00 00 00 00 00 00 00 00 00 00 00 00 00 08 23 00 00 00 00 08 96 08 0D 00 C2 
 00 15 00 00 00 00 00 00 00 00 00 00 FF FF 00 00 00 00 00 00 00 00 00 00 00 00 00 08 12 00 00 00 00 08 94 08 09 00 AB 
 00 15 00 00 00 00 00 00 00 00 00 00 FF FF 00 00 00 00 00 00 00 00 00 00 00 00 00 08 12 00 00 00 00 08 23 07 F4 00 24 
 00 15 00 00 00 00 00 00 00 00 00 00 FF FF 00 00 00 00 00 00 00 00 00 00 00 00 00 08 15 00 00 00 00 08 91 08 06 00 A8 
 00 16 00 00 00 00 00 00 00 00 00 00 FF FF 00 00 00 00 00 00 00 00 00 00 00 00 00 08 11 00 00 00 00 08 92 08 05 00 A5 
 00 16 00 00 00 00 00 00 00 00 00 00 FF FF 00 00 00 00 00 00 00 00 00 00 00 00 00 08 19 00 00 00 00 08 93 08 07 00 B0 
 00 16 00 00 00 00 00 00 00 00 00 00 FF FF 00 00 00 00 00 00 00 00 00 00 00 00 00 08 14 00 00 00 00 08 93 08 0A 00 AE 
 00 13 00 00 00 00 00 00 00 00 00 00 FF FF 00 00 00 00 00 00 00 00 00 00 00 00 00 08 01 00 00 00 00 08 98 08 0B 00 9E 
 00 13 00 00 00 00 00 00 00 00 00 00 FF FF 00 00 00 00 00 00 00 00 00 00 00 00 00 08 04 00 00 00 00 08 FF 08 33 00 30 
 00 12 00 00 00 00 00 00 00 00 00 00 FF FF 00 00 00 00 00 00 00 00 00 00 00 00 00 07 F0 00 00 00 00 08 E0 08 07 00 CF 
 00 12 00 00 00 00 00 00 00 00 00 00 FF FF 00 00 00 00 00 00 00 00 00 00 00 00 00 07 FC 00 00 00 00 09 27 08 46 00 62 
 00 12 00 00 00 00 00 00 00 00 00 00 FF FF 00 00 00 00 00 00 00 00 00 00 00 00 00 08 32 00 00 00 00 09 1D 08 42 00 8B 
 00 0F 00 00 00 00 00 00 00 00 00 00 FF FF 00 00 00 00 00 00 00 00 00 00 00 00 00 08 11 00 00 00 00 09 05 08 29 00 36 
 00 0F 00 00 00 00 00 00 00 00 00 00 FF FF 00 00 00 00 00 00 00 00 00 00 00 00 00 07 FC 00 00 00 00 09 2D 08 50 00 6F 
 00 14 00 00 00 00 00 00 00 00 00 00 FF FF 00 00 00 00 00 00 00 00 00 00 00 00 00 08 17 00 00 00 00 09 27 08 3D 00 77 
 00 14 00 00 00 00 00 00 00 00 00 00 FF FF 00 00 00 00 00 00 00 00 00 00 00 00 00 08 16 00 00 00 00 09 17 08 43 00 6C 
 00 14 00 00 00 00 00 00 00 00 00 00 FF FF 00 00 00 00 00 00 00 00 00 00 00 00 00 08 11 00 00 00 00 08 87 08 08 00 9B 
 00 1A 00 00 00 00 00 00 00 00 00 00 FF FF 00 00 00 00 00 00 00 00 00 00 00 00 00 08 13 00 00 00 00 08 1D 07 F6 00 26 
 00 1A 00 00 00 00 00 00 00 00 00 00 FF FF 00 00 00 00 00 00 00 00 00 00 00 00 00 08 14 00 00 00 00 08 8D 08 04 00 A6 
 00 19 00 00 00 00 00 00 00 00 00 00 FF FF 00 00 00 00 00 00 00 00 00 00 00 00 00 08 0A 00 00 00 00 08 1F 07 F2 00 1A 
 00 19 00 00 00 00 00 00 00 00 00 00 FF FF 00 00 00 00 00 00 00 00 00 00 00 00 00 08 1B 00 00 00 00 08 93 08 0F 00 BD 
 00 19 00 00 00 00 00 00 00 00 00 00 FF FF 00 00 00 00 00 00 00 00 00 00 00 00 00 08 0B 00 00 00 00 08 1F 07 F3 00 1C 
 00 1D 00 00 00 00 00 00 00 00 00 00 FF FF 00 00 00 00 00 00 00 00 00 00 00 00 00 08 15 00 00 00 00 08 9B 08 11 00 C5 
 00 1D 00 00 00 00 00 00 00 00 00 00 FF FF 00 00 00 00 00 00 00 00 00 00 00 00 00 08 0B 00 00 00 00 08 2A 07 F3 00 2B 
 00 16 00 00 00 00 00 00 00 00 00 00 FF FF 00 00 00 00 00 00 00 00 00 00 00 00 00 08 17 00 00 00 00 08 96 08 0E 00 B8 
 00 16 00 00 00 00 00 00 00 00 00 00 FF FF 00 00 00 00 00 00 00 00 00 00 00 00 00 08 0C 00 00 00 00 08 21 07 F2 00 1B 
 00 16 00 00 00 00 00 00 00 00 00 00 FF FF 00 00 00 00 00 00 00 00 00 00 00 00 00 08 09 00 00 00 00 08 8B 08 04 00 95 
 00 1B 00 00 00 00 00 00 00 00 00 00 FF FF 00 00 00 00 00 00 00 00 00 00 00 00 00 08 18 00 00 00 00 08 8D 08 08 00 AF 
 00 1B 00 00 00 00 00 00 00 00 00 00 FF FF 00 00 00 00 00 00 00 00 00 00 00 00 00 08 0D 00 00 00 00 08 8E 08 0A 00 A7 
 00 1A 00 00 00 00 00 00 00 00 00 00 FF FF 00 00 00 00 00 00 00 00 00 00 00 00 00 08 0E 00 00 00 00 08 8E 08 0B 00 A8 
 00 1A 00 00 00 00 00 00 00 00 00 00 FF FF 00 00 00 00 00 00 00 00 00 00 00 00 00 07 F6 00 00 00 00 08 9A 08 0F 00 9F 
 00 1A 00 00 00 00 00 00 00 00 00 00 FF FF 00 00 00 00 00 00 00 00 00 00 00 00 00 08 00 00 00 00 00 08 22 07 E7 00 09 
 00 12 00 00 00 00 00 00 00 00 00 00 FF FF 00 00 00 00 00 00 00 00 00 00 00 00 00 08 1B 00 00 00 00 08 0A 07 F1 00 0E 
 00 12 00 00 00 00 00 00 00 00 00 00 FF FF 00 00 00 00 00 00 00 00 00 00 00 00 00 08 1A 00 00 00 00 08 8D 08 06 00 A6 
 00 10 00 00 00 00 00 00 00 00 00 00 FF FF 00 00 00 00 00 00 00 00 00 00 00 00 00 08 10 00 00 00 00 08 1F 07 EE 00 13 
 00 10 00 00 00 00 00 00 00 00 00 00 FF FF 00 00 00 00 00 00 00 00 00 00 00 00 00 08 16 00 00 00 00 08 13 07 EF 00 0E 
 00 10 00 00 00 00 00 00 00 00 00 00 FF FF 00 00 00 00 00 00 00 00 00 00 00 00 00 08 12 00 00 00 00 08 93 08 0B 00 A7 
 00 13 00 00 00 00 00 00 00 00 00 00 FF FF 00 00 00 00 00 00 00 00 00 00 00 00 00 08 13 00 00 00 00 08 8F 08 0B 00 A7 
 00 13 00 00 00 00 00 00 00 00 00 00 FF FF 00 00 00 00 00 00 00 00 00 00 00 00 00 08 10 00 00 00 00 08 23 07 F4 00 20 
 00 1B 00 00 00 00 00 00 00 00 00 00 FF FF 00 00 00 00 00 00 00 00 00 00 00 00 00 08 16 00 00 00 00 08 91 08 0A 00 B3 
 00 1B 00 00 00 00 00 00 00 00 00 00 FF FF 00 00 00 00 00 00 00 00 00 00 00 00 00 08 12 00 00 00 00 08 8F 08 0A 00 AD 
 00 1B 00 00 00 00 00 00 00 00 00 00 FF FF 00 00 00 00 00 00 00 00 00 00 00 00 00 08 13 00 00 00 00 08 8B 08 05 00 A5 
 00 1F 00 00 00 00 00 00 00 00 00 00 FF FF 00 00 00 00 00 00 00 00 00 00 00 00 00 08 0A 00 00 00 00 08 8E 08 03 00 A1 
 00 1F 00 00 00 00 00 00 00 00 00 00 FF FF 00 00 00 00 00 00 00 00 00 00 00 00 00 08 14 00 00 00 00 08 8A 08 03 00 A7 
 00 2D 00 00 00 00 00 00 00 00 00 00 FF FF 00 00 00 00 00 00 00 00 00 00 00 00 00 08 12 00 00 00 00 08 8F 08 09 00 BE 
 00 2D 00 00 00 00 00 00 00 00 00 00 FF FF 00 00 00 00 00 00 00 00 00 00 00 00 00 08 1A 00 00 00 00 08 95 08 0F 00 D2 
 00 2D 00 00 00 00 00 00 00 00 00 00 FF FF 00 00 00 00 00 00 00 00 00 00 00 00 00 08 07 00 00 00 00 08 BD 07 F3 00 CA 
 00 30 00 00 00 00 00 00 00 00 00 00 FF FF 00 00 00 00 00 00 00 00 00 00 00 00 00 08 14 00 00 00 00 08 91 08 03 00 BF 
 00 30 00 00 00 00 00 00 00 00 00 00 FF FF 00 00 00 00 00 00 00 00 00 00 00 00 00 08 12 00 00 00 00 08 8E 08 07 00 BE 
 00 33 00 00 00 00 00 00 00 00 00 00 FF FF 00 00 00 00 00 00 00 00 00 00 00 00 00 08 10 00 00 00 00 08 8D 08 05 00 BC 
 00 33 00 00 00 00 00 00 00 00 00 00 FF FF 00 00 00 00 00 00 00 00 00 00 00 00 00 08 15 00 00 00 00 08 91 08 09 00 C9 
 00 33 00 00 00 00 00 00 00 00 00 00 FF FF 00 00 00 00 00 00 00 00 00 00 00 00 00 08 10 00 00 00 00 08 8C 08 05 00 BB 
 00 2F 00 00 00 00 00 00 00 00 00 00 FF FF 00 00 00 00 00 00 00 00 00 00 00 00 00 08 11 00 00 00 00 08 8A 08 06 00 B7 
 00 2F 00 00 00 00 00 00 00 00 00 00 FF FF 00 00 00 00 00 00 00 00 00 00 00 00 00 08 11 00 00 00 00 08 8F 08 04 00 BA 
 00 20 00 00 00 00 00 00 00 00 00 00 FF FF 00 00 00 00 00 00 00 00 00 00 00 00 00 08 16 00 00 00 00 08 93 08 0D 00 BD 
 00 20 00 00 00 00 00 00 00 00 00 00 FF FF 00 00 00 00 00 00 00 00 00 00 00 00 00 08 0E 00 00 00 00 08 93 08 0B 00 B3 
 00 20 00 00 00 00 00 00 00 00 00 00 FF FF 00 00 00 00 00 00 00 00 00 00 00 00 00 08 0E 00 00 00 00 08 90 08 06 00 AB 
 00 17 00 00 00 00 00 00 00 00 00 00 FF FF 00 00 00 00 00 00 00 00 00 00 00 00 00 08 15 00 00 00 00 08 98 08 0A 00 B5 
 00 17 00 00 00 00 00 00 00 00 00 00 FF FF 00 00 00 00 00 00 00 00 00 00 00 00 00 08 0A 00 00 00 00 08 27 07 ED 00 1B 
 00 1A 00 00 00 00 00 00 00 00 00 00 FF FF 00 00 00 00 00 00 00 00 00 00 00 00 00 08 16 00 00 00 00 08 8D 08 0A 00 AE 
 00 1A 00 00 00 00 00 00 00 00 00 00 FF FF 00 00 00 00 00 00 00 00 00 00 00 00 00 08 07 00 00 00 00 08 24 07 EF 00 1A 
 00 1A 00 00 00 00 00 00 00 00 00 00 FF FF 00 00 00 00 00 00 00 00 00 00 00 00 00 08 0C 00 00 00 00 08 23 07 F3 00 22 
 00 13 00 00 00 00 00 00 00 00 00 00 FF FF 00 00 00 00 00 00 00 00 00 00 00 00 00 08 13 00 00 00 00 08 87 08 06 00 9A 
 00 13 00 00 00 00 00 00 00 00 00 00 FF FF 00 00 00 00 00 00 00 00 00 00 00 00 00 08 10 00 00 00 00 08 8A 08 02 00 96 
 00 13 00 00 00 00 00 00 00 00 00 00 FF FF 00 00 00 00 00 00 00 00 00 00 00 00 00 08 11 00 00 00 00 08 8B 08 04 00 9A 
 00 13 00 00 00 00 00 00 00 00 00 00 FF FF 00 00 00 00 00 00 00 00 00 00 00 00 00 08 0C 00 00 00 00 08 22 07 F1 00 18 
 00 13 00 00 00 00 00 00 00 00 00 00 FF FF 00 00 00 00 00 00 00 00 00 00 00 00 00 08 1A 00 00 00 00 08 94 08 0E 00 B6 
 00 16 00 00 00 00 00 00 00 00 00 00 FF FF 00 00 00 00 00 00 00 00 00 00 00 00 00 08 11 00 00 00 00 08 8A 08 04 00 9C 
 00 16 00 00 00 00 00 00 00 00 00 00 FF FF 00 00 00 00 00 00 00 00 00 00 00 00 00 08 0B 00 00 00 00 08 24 07 F1 00 1C 
 00 1C 00 00 00 00 00 00 00 00 00 00 FF FF 00 00 00 00 00 00 00 00 00 00 00 00 00 08 08 00 00 00 00 08 24 07 F3 00 21 
 00 1C 00 00 00 00 00 00 00 00 00 00 FF FF 00 00 00 00 00 00 00 00 00 00 00 00 00 08 19 00 00 00 00 08 8F 08 11 00 BC 
 00 1C 00 00 00 00 00 00 00 00 00 00 FF FF 00 00 00 00 00 00 00 00 00 00 00 00 00 08 0C 00 00 00 00 08 22 07 F4 00 24 
 00 1A 00 00 00 00 00 00 00 00 00 00 FF FF 00 00 00 00 00 00 00 00 00 00 00 00 00 08 0A 00 00 00 00 08 21 07 F3 00 1E 
 00 1A 00 00 00 00 00 00 00 00 00 00 FF FF 00 00 00 00 00 00 00 00 00 00 00 00 00 08 14 00 00 00 00 08 8D 08 0D 00 AF 
 00 1D 00 00 00 00 00 00 00 00 00 00 FF FF 00 00 00 00 00 00 00 00 00 00 00 00 00 08 0C 00 00 00 00 08 D1 07 FA 00 DA 
 00 1D 00 00 00 00 00 00 00 00 00 00 FF FF 00 00 00 00 00 00 00 00 00 00 00 00 00 08 1A 00 00 00 00 08 95 08 15 00 C8 
 00 1D 00 00 00 00 00 00 00 00 00 00 FF FF 00 00 00 00 00 00 00 00 00 00 00 00 00 08 0F 00 00 00 00 08 23 07 F4 00 29 
 00 28 00 00 00 00 00 00 00 00 00 00 FF FF 00 00 00 00 00 00 00 00 00 00 00 00 00 08 09 00 00 00 00 08 21 07 F1 00 29 
 00 28 00 00 00 00 00 00 00 00 00 00 FF FF 00 00 00 00 00 00 00 00 00 00 00 00 00 08 0B 00 00 00 00 08 23 07 F2 00 2E 
 00 33 00 00 00 00 00 00 00 00 00 00 FF FF 00 00 00 00 00 00 00 00 00 00 00 00 00 08 15 00 00 00 00 08 8B 08 07 00 C1 
 00 33 00 00 00 00 00 00 00 00 00 00 FF FF 00 00 00 00 00 00 00 00 00 00 00 00 00 08 12 00 00 00 00 08 9D 08 15 00 DE 
 00 33 00 00 00 00 00 00 00 00 00 00 FF FF 00 00 00 00 00 00 00 00 00 00 00 00 00 08 04 00 00 00 00 08 2C 07 F1 00 3A 
 00 2D 00 00 00 00 00 00 00 00 00 00 FF FF 00 00 00 00 00 00 00 00 00 00 00 00 00 08 0F 00 00 00 00 08 96 08 10 00 C9 
 00 2D 00 00 00 00 00 00 00 00 00 00 FF FF 00 00 00 00 00 00 00 00 00 00 00 00 00 08 06 00 00 00 00 08 2C 07 F1 00 36 
 00 2D 00 00 00 00 00 00 00 00 00 00 FF FF 00 00 00 00 00 00 00 00 00 00 00 00 00 08 10 00 00 00 00 08 99 08 0F 00 CC 
 00 2D 00 00 00 00 00 00 00 00 00 00 FF FF 00 00 00 00 00 00 00 00 00 00 00 00 00 08 0A 00 00 00 00 08 2D 07 F1 00 3B 
 00 2D 00 00 00 00 00 00 00 00 00 00 FF FF 00 00 00 00 00 00 00 00 00 00 00 00 00 08 15 00 00 00 00 08 91 08 0D 00 C7 
 00 2A 00 00 00 00 00 00 00 00 00 00 FF FF 00 00 00 00 00 00 00 00 00 00 00 00 00 08 05 00 00 00 00 08 3A 07 FA 00 49 
 00 2A 00 00 00 00 00 00 00 00 00 00 FF FF 00 00 00 00 00 00 00 00 00 00 00 00 00 08 0C 00 00 00 00 08 8D 08 05 00 AF 
 00 1D 00 00 00 00 00 00 00 00 00 00 FF FF 00 00 00 00 00 00 00 00 00 00 00 00 00 08 11 00 00 00 00 08 8C 08 02 00 A3 
 00 1D 00 00 00 00 00 00 00 00 00 00 FF FF 00 00 00 00 00 00 00 00 00 00 00 00 00 08 15 00 00 00 00 08 8E 08 04 00 AB 
 00 1D 00 00 00 00 00 00 00 00 00 00 FF FF 00 00 00 00 00 00 00 00 00 00 00 00 00 08 12 00 00 00 00 08 8E 08 06 00 AA 
 00 12 00 00 00 00 00 00 00 00 00 00 FF FF 00 00 00 00 00 00 00 00 00 00 00 00 00 08 12 00 00 00 00 08 9E 08 16 00 BF 
 00 12 00 00 00 00 00 00 00 00 00 00 FF FF 00 00 00 00 00 00 00 00 00 00 00 00 00 08 09 00 00 00 00 08 DA 07 FC 00 D7 
 00 18 00 00 00 00 00 00 00 00 00 00 FF FF 00 00 00 00 00 00 00 00 00 00 00 00 00 08 38 00 00 00 00 08 9F 08 19 00 EF 
 00 18 00 00 00 00 00 00 00 00 00 00 FF FF 00 00 00 00 00 00 00 00 00 00 00 00 00 08 23 00 00 00 00 08 53 07 EF 00 63 
 00 18 00 00 00 00 00 00 00 00 00 00 FF FF 00 00 00 00 00 00 00 00 00 00 00 00 00 08 0C 00 00 00 00 08 21 07 E7 00 12 
 00 1A 00 00 00 00 00 00 00 00 00 00 FF FF 00 00 00 00 00 00 00 00 00 00 00 00 00 08 08 00 00 00 00 08 26 07 F1 00 1F 
 00 1A 00 00 00 00 00 00 00 00 00 00 FF FF 00 00 00 00 00 00 00 00 00 00 00 00 00 08 09 00 00 00 00 08 28 07 EB 00 1C 
 00 1C 00 00 00 00 00 00 00 00 00 00 FF FF 00 00 00 00 00 00 00 00 00 00 00 00 00 08 11 00 00 00 00 08 99 08 12 00 BF 
 00 1C 00 00 00 00 00 00 00 00 00 00 FF FF 00 00 00 00 00 00 00 00 00 00 00 00 00 08 06 00 00 00 00 08 44 07 FD 00 49 
 00 1C 00 00 00 00 00 00 00 00 00 00 FF FF 00 00 00 00 00 00 00 00 00 00 00 00 00 08 10 00 00 00 00 08 8F 08 06 00 A8 
 00 32 00 00 00 00 00 00 00 00 00 00 FF FF 00 00 00 00 00 00 00 00 00 00 00 00 00 08 15 00 00 00 00 08 27 07 F9 00 4D 
 00 32 00 00 00 00 00 00 00 00 00 00 FF FF 00 00 00 00 00 00 00 00 00 00 00 00 00 08 06 00 00 00 00 08 BD 07 F3 00 CE 
 00 38 00 00 00 00 00 00 00 00 00 00 FF FF 00 00 00 00 00 00 00 00 00 00 00 00 00 08 13 00 00 00 00 08 89 08 05 00 C0 
 00 38 00 00 00 00 00 00 00 00 00 00 FF FF 00 00 00 00 00 00 00 00 00 00 00 00 00 08 0E 00 00 00 00 08 8D 08 08 00 C2 
 00 38 00 00 00 00 00 00 00 00 00 00 FF FF 00 00 00 00 00 00 00 00 00 00 00 00 00 08 12 00 00 00 00 08 89 08 0C 00 C6 
 00 47 00 00 00 00 00 00 00 00 00 00 FF FF 00 00 00 00 00 00 00 00 00 00 00 00 00 08 18 00 00 00 00 08 8C 08 07 00 D9 
 00 47 00 00 00 00 00 00 00 00 00 00 FF FF 00 00 00 00 00 00 00 00 00 00 00 00 00 08 04 00 00 00 00 08 21 07 F0 00 42 
 00 49 00 00 00 00 00 00 00 00 00 00 FF FF 00 00 00 00 00 00 00 00 00 00 00 00 00 08 10 00 00 00 00 08 8B 08 04 00 CF 
 00 49 00 00 00 00 00 00 00 00 00 00 FF FF 00 00 00 00 00 00 00 00 00 00 00 00 00 08 02 00 00 00 00 08 23 07 F0 00 44 
 00 49 00 00 00 00 00 00 00 00 00 00 FF FF 00 00 00 00 00 00 00 00 00 00 00 00 00 08 12 00 00 00 00 08 8F 08 0C 00 DD 
 00 47 00 00 00 00 00 00 00 00 00 00 FF FF 00 00 00 00 00 00 00 00 00 00 00 00 00 08 05 00 00 00 00 08 B9 07 EE 00 D9 
 00 47 00 00 00 00 00 00 00 00 00 00 FF FF 00 00 00 00 00 00 00 00 00 00 00 00 00 08 19 00 00 00 00 08 90 08 0B 00 E2 
 00 42 00 00 00 00 00 00 00 00 00 00 FF FF 00 00 00 00 00 00 00 00 00 00 00 00 00 08 11 00 00 00 00 08 91 08 0E 00 D9 
 00 42 00 00 00 00 00 00 00 00 00 00 FF FF 00 00 00 00 00 00 00 00 00 00 00 00 00 08 0A 00 00 00 00 08 8C 08 08 00 C7 
 00 42 00 00 00 00 00 00 00 00 00 00 FF FF 00 00 00 00 00 00 00 00 00 00 00 00 00 08 0F 00 00 00 00 08 8F 08 0D 00 D4 
 00 3A 00 00 00 00 00 00 00 00 00 00 FF FF 00 00 00 00 00 00 00 00 00 00 00 00 00 08 0C 00 00 00 00 08 97 08 0D 00 D1 
 00 3A 00 00 00 00 00 00 00 00 00 00 FF FF 00 00 00 00 00 00 00 00 00 00 00 00 00 08 14 00 00 00 00 08 8D 08 05 00 C7 
 00 2A 00 00 00 00 00 00 00 00 00 00 FF FF 00 00 00 00 00 00 00 00 00 00 00 00 00 08 14 00 00 00 00 08 8B 08 03 00 B3 
 00 2A 00 00 00 00 00 00 00 00 00 00 FF FF 00 00 00 00 00 00 00 00 00 00 00 00 00 08 0B 00 00 00 00 08 26 07 EC 00 2D 
 00 2A 00 00 00 00 00 00 00 00 00 00 FF FF 00 00 00 00 00 00 00 00 00 00 00 00 00 08 0A 00 00 00 00 08 29 07 EA 00 2D 
 00 1E 00 00 00 00 00 00 00 00 00 00 FF FF 00 00 00 00 00 00 00 00 00 00 00 00 00 07 D9 00 00 00 00 08 2B 07 E9 00 F0 
 00 1E 00 00 00 00 00 00 00 00 00 00 FF FF 00 00 00 00 00 00 00 00 00 00 00 00 00 08 02 00 00 00 00 08 21 07 E3 00 0A 
 00 19 00 00 00 00 00 00 00 00 00 00 FF FF 00 00 00 00 00 00 00 00 00 00 00 00 00 08 12 00 00 00 00 08 7F 08 10 00 A1 
 00 19 00 00 00 00 00 00 00 00 00 00 FF FF 00 00 00 00 00 00 00 00 00 00 00 00 00 08 07 00 00 00 00 08 B3 07 EE 00 A7 
 00 19 00 00 00 00 00 00 00 00 00 00 FF FF 00 00 00 00 00 00 00 00 00 00 00 00 00 08 14 00 00 00 00 08 8B 08 0B 00 AA 
 00 17 00 00 00 00 00 00 00 00 00 00 FF FF 00 00 00 00 00 00 00 00 00 00 00 00 00 08 0E 00 00 00 00 08 89 08 00 00 95 
 00 17 00 00 00 00 00 00 00 00 00 00 FF FF 00 00 00 00 00 00 00 00 00 00 00 00 00 08 01 00 00 00 00 08 B7 07 EA 00 9F 
 00 17 00 00 00 00 00 00 00 00 00 00 FF FF 00 00 00 00 00 00 00 00 00 00 00 00 00 08 07 00 00 00 00 08 B6 07 EA 00 A4 
 00 17 00 00 00 00 00 00 00 00 00 00 FF FF 00 00 00 00 00 00 00 00 00 00 00 00 00 08 06 00 00 00 00 08 1D 07 F1 00 11 
 00 17 00 00 00 00 00 00 00 00 00 00 FF FF 00 00 00 00 00 00 00 00 00 00 00 00 00 08 08 00 00 00 00 08 B7 07 ED 00 A9 
 00 1B 00 00 00 00 00 00 00 00 00 00 FF FF 00 00 00 00 00 00 00 00 00 00 00 00 00 08 03 00 00 00 00 08 20 07 EC 00 10 
 00 1B 00 00 00 00 00 00 00 00 00 00 FF FF 00 00 00 00 00 00 00 00 00 00 00 00 00 08 06 00 00 00 00 08 B8 07 EC 00 AB 
 00 21 00 00 00 00 00 00 00 00 00 00 FF FF 00 00 00 00 00 00 00 00 00 00 00 00 00 08 12 00 00 00 00 08 8B 08 05 00 AA 
 00 21 00 00 00 00 00 00 00 00 00 00 FF FF 00 00 00 00 00 00 00 00 00 00 00 00 00 08 05 00 00 00 00 08 B9 07 ED 00 B2 
 00 21 00 00 00 00 00 00 00 00 00 00 FF FF 00 00 00 00 00 00 00 00 00 00 00 00 00 08 14 00 00 00 00 08 8A 08 07 00 AD 
 00 31 00 00 00 00 00 00 00 00 00 00 FF FF 00 00 00 00 00 00 00 00 00 00 00 00 00 08 0B 00 00 00 00 08 D0 07 F7 00 E9 
 00 31 00 00 00 00 00 00 00 00 00 00 FF FF 00 00 00 00 00 00 00 00 00 00 00 00 00 08 12 00 00 00 00 08 90 08 05 00 BF 
 00 3A 00 00 00 00 00 00 00 00 00 00 FF FF 00 00 00 00 00 00 00 00 00 00 00 00 00 08 00 00 00 00 00 08 BC 07 ED 00 C9 
 00 3A 00 00 00 00 00 00 00 00 00 00 FF FF 00 00 00 00 00 00 00 00 00 00 00 00 00 08 0B 00 00 00 00 08 37 07 F7 00 59 
 00 3A 00 00 00 00 00 00 00 00 00 00 FF FF 00 00 00 00 00 00 00 00 00 00 00 00 00 08 18 00 00 00 00 08 90 08 0B 00 D4 
 00 40 00 00 00 00 00 00 00 00 00 00 FF FF 00 00 00 00 00 00 00 00 00 00 00 00 00 08 14 00 00 00 00 08 97 08 0E 00 E0 
 00 40 00 00 00 00 00 00 00 00 00 00 FF FF 00 00 00 00 00 00 00 00 00 00 00 00 00 08 06 00 00 00 00 08 C5 07 EE 00 DF 
 00 40 00 00 00 00 00 00 00 00 00 00 FF FF 00 00 00 00 00 00 00 00 00 00 00 00 00 08 05 00 00 00 00 08 29 07 EA 00 3E 
 00 3F 00 00 00 00 00 00 00 00 00 00 FF FF 00 00 00 00 00 00 00 00 00 00 00 00 00 08 1B 00 00 00 00 08 89 08 0A 00 D4 
 00 3F 00 00 00 00 00 00 00 00 00 00 FF FF 00 00 00 00 00 00 00 00 00 00 00 00 00 07 FF 00 00 00 00 08 22 07 E3 00 28 
 00 2D 00 00 00 00 00 00 00 00 00 00 FF FF 00 00 00 00 00 00 00 00 00 00 00 00 00 08 0A 00 00 00 00 08 FC 08 29 00 43 
 00 2D 00 00 00 00 00 00 00 00 00 00 FF FF 00 00 00 00 00 00 00 00 00 00 00 00 00 08 04 00 00 00 00 08 A7 07 EC 00 AA 
 00 1E 00 00 00 00 00 00 00 00 00 00 FF FF 00 00 00 00 00 00 00 00 00 00 00 00 00 08 0D 00 00 00 00 08 C7 07 F9 00 D1 
 00 1E 00 00 00 00 00 00 00 00 00 00 FF FF 00 00 00 00 00 00 00 00 00 00 00 00 00 08 0E 00 00 00 00 08 91 08 0A 00 AE 
 00 1E 00 00 00 00 00 00 00 00 00 00 FF FF 00 00 00 00 00 00 00 00 00 00 00 00 00 08 02 00 00 00 00 08 BE 07 EF 00 B3 
 00 16 00 00 00 00 00 00 00 00 00 00 FF FF 00 00 00 00 00 00 00 00 00 00 00 00 00 08 11 00 00 00 00 08 85 08 04 00 97 
 00 16 00 00 00 00 00 00 00 00 00 00 FF FF 00 00 00 00 00 00 00 00 00 00 00 00 00 08 0C 00 00 00 00 08 8D 08 06 00 9C 
 00 16 00 00 00 00 00 00 00 00 00 00 FF FF 00 00 00 00 00 00 00 00 00 00 00 00 00 08 00 00 00 00 00 08 BB 07 E9 00 A0 
 00 16 00 00 00 00 00 00 00 00 00 00 FF FF 00 00 00 00 00 00 00 00 00 00 00 00 00 08 0C 00 00 00 00 08 2A 07 EC 00 1E 
 00 16 00 00 00 00 00 00 00 00 00 00 FF FF 00 00 00 00 00 00 00 00 00 00 00 00 00 08 11 00 00 00 00 08 93 08 0A 00 AB 
 00 18 00 00 00 00 00 00 00 00 00 00 FF FF 00 00 00 00 00 00 00 00 00 00 00 00 00 08 08 00 00 00 00 08 8E 08 02 00 97 
 00 18 00 00 00 00 00 00 00 00 00 00 FF FF 00 00 00 00 00 00 00 00 00 00 00 00 00 08 18 00 00 00 00 08 8A 08 07 00 A8 
 00 26 00 00 00 00 00 00 00 00 00 00 FF FF 00 00 00 00 00 00 00 00 00 00 00 00 00 07 FA 00 00 00 00 08 23 07 E0 00 08 
 00 26 00 00 00 00 00 00 00 00 00 00 FF FF 00 00 00 00 00 00 00 00 00 00 00 00 00 08 11 00 00 00 00 08 FD 08 2A 00 45 
 00 26 00 00 00 00 00 00 00 00 00 00 FF FF 00 00 00 00 00 00 00 00 00 00 00 00 00 07 FD 00 00 00 00 08 A7 07 EA 00 99 
 00 2A 00 00 00 00 00 00 00 00 00 00 FF FF 00 00 00 00 00 00 00 00 00 00 00 00 00 08 0E 00 00 00 00 08 83 08 02 00 A4 
 00 2A 00 00 00 00 00 00 00 00 00 00 FF FF 00 00 00 00 00 00 00 00 00 00 00 00 00 08 02 00 00 00 00 08 BB 07 F1 00 BE 
 00 30 00 00 00 00 00 00 00 00 00 00 FF FF 00 00 00 00 00 00 00 00 00 00 00 00 00 08 11 00 00 00 00 08 87 08 02 00 B1 
 00 30 00 00 00 00 00 00 00 00 00 00 FF FF 00 00 00 00 00 00 00 00 00 00 00 00 00 08 10 00 00 00 00 08 8D 08 05 00 B9 
 00 30 00 00 00 00 00 00 00 00 00 00 FF FF 00 00 00 00 00 00 00 00 00 00 00 00 00 08 10 00 00 00 00 08 84 08 03 00 AE 
 00 3A 00 00 00 00 00 00 00 00 00 00 FF FF 00 00 00 00 00 00 00 00 00 00 00 00 00 08 10 00 00 00 00 08 8A 08 04 00 BF 
 00 3A 00 00 00 00 00 00 00 00 00 00 FF FF 00 00 00 00 00 00 00 00 00 00 00 00 00 08 10 00 00 00 00 09 13 08 39 00 7E 
 00 38 00 00 00 00 00 00 00 00 00 00 FF FF 00 00 00 00 00 00 00 00 00 00 00 00 00 08 0B 00 00 00 00 08 F9 08 33 00 56 
 00 38 00 00 00 00 00 00 00 00 00 00 FF FF 00 00 00 00 00 00 00 00 00 00 00 00 00 07 FC 00 00 00 00 08 82 07 CD 00 68 
 00 38 00 00 00 00 00 00 00 00 00 00 FF FF 00 00 00 00 00 00 00 00 00 00 00 00 00 08 0D 00 00 00 00 08 E8 08 1E 00 32 
 00 3A 00 00 00 00 00 00 00 00 00 00 FF FF 00 00 00 00 00 00 00 00 00 00 00 00 00 08 01 00 00 00 00 08 9E 07 E8 00 A7 
 00 3A 00 00 00 00 00 00 00 00 00 00 FF FF 00 00 00 00 00 00 00 00 00 00 00 00 00 08 04 00 00 00 00 08 AF 07 EB 00 BE 
 00 37 00 00 00 00 00 00 00 00 00 00 FF FF 00 00 00 00 00 00 00 00 00 00 00 00 00 08 1A 00 00 00 00 08 83 08 05 00 C0 
 00 37 00 00 00 00 00 00 00 00 00 00 FF FF 00 00 00 00 00 00 00 00 00 00 00 00 00 07 FA 00 00 00 00 08 1F 07 E9 00 1E 
 00 37 00 00 00 00 00 00 00 00 00 00 FF FF 00 00 00 00 00 00 00 00 00 00 00 00 00 08 12 00 00 00 00 08 8E 08 09 00 C7 
 00 2A 00 00 00 00 00 00 00 00 00 00 FF FF 00 00 00 00 00 00 00 00 00 00 00 00 00 08 0E 00 00 00 00 09 14 08 37 00 6B 
 00 2A 00 00 00 00 00 00 00 00 00 00 FF FF 00 00 00 00 00 00 00 00 00 00 00 00 00 08 02 00 00 00 00 08 94 07 D9 00 7F 
 00 22 00 00 00 00 00 00 00 00 00 00 FF FF 00 00 00 00 00 00 00 00 00 00 00 00 00 08 17 00 00 00 00 08 70 08 03 00 93 
 00 22 00 00 00 00 00 00 00 00 00 00 FF FF 00 00 00 00 00 00 00 00 00 00 00 00 00 08 0E 00 00 00 00 08 7F 08 07 00 9D 
 00 22 00 00 00 00 00 00 00 00 00 00 FF FF 00 00 00 00 00 00 00 00 00 00 00 00 00 07 FC 00 00 00 00 08 B6 07 E9 00 A2 
 00 19 00 00 00 00 00 00 00 00 00 00 FF FF 00 00 00 00 00 00 00 00 00 00 00 00 00 08 13 00 00 00 00 08 8B 08 06 00 A4 
 00 19 00 00 00 00 00 00 00 00 00 00 FF FF 00 00 00 00 00 00 00 00 00 00 00 00 00 07 FB 00 00 00 00 08 93 07 D2 00 5E 
 00 1C 00 00 00 00 00 00 00 00 00 00 FF FF 00 00 00 00 00 00 00 00 00 00 00 00 00 08 0D 00 00 00 00 08 F7 08 26 00 2D 
 00 1C 00 00 00 00 00 00 00 00 00 00 FF FF 00 00 00 00 00 00 00 00 00 00 00 00 00 08 14 00 00 00 00 09 1B 08 3E 00 71 
 00 1C 00 00 00 00 00 00 00 00 00 00 FF FF 00 00 00 00 00 00 00 00 00 00 00 00 00 07 F6 00 00 00 00 08 A9 07 EB 00 8B 
 00 18 00 00 00 00 00 00 00 00 00 00 FF FF 00 00 00 00 00 00 00 00 00 00 00 00 00 08 0C 00 00 00 00 08 07 07 DB 00 EC 
 00 18 00 00 00 00 00 00 00 00 00 00 FF FF 00 00 00 00 00 00 00 00 00 00 00 00 00 07 D1 00 00 00 00 08 B3 07 E7 00 68 
 00 20 00 00 00 00 00 00 00 00 00 00 FF FF 00 00 00 00 00 00 00 00 00 00 00 00 00 07 D1 00 00 00 00 08 BB 07 E5 00 76 
 00 20 00 00 00 00 00 00 00 00 00 00 FF FF 00 00 00 00 00 00 00 00 00 00 00 00 00 08 08 00 00 00 00 08 9F 07 E6 00 93 
 00 20 00 00 00 00 00 00 00 00 00 00 FF FF 00 00 00 00 00 00 00 00 00 00 00 00 00 08 02 00 00 00 00 08 A2 07 E9 00 93 
 00 25 00 00 00 00 00 00 00 00 00 00 FF FF 00 00 00 00 00 00 00 00 00 00 00 00 00 08 0E 00 00 00 00 09 21 08 3A 00 76 
 00 25 00 00 00 00 00 00 00 00 00 00 FF FF 00 00 00 00 00 00 00 00 00 00 00 00 00 08 10 00 00 00 00 08 93 08 12 00 C1 
 00 2B 00 00 00 00 00 00 00 00 00 00 FF FF 00 00 00 00 00 00 00 00 00 00 00 00 00 08 0E 00 00 00 00 08 87 08 07 00 AE 
 00 2B 00 00 00 00 00 00 00 00 00 00 FF FF 00 00 00 00 00 00 00 00 00 00 00 00 00 08 2E 00 00 00 00 08 4B 07 E8 00 72 
 00 2B 00 00 00 00 00 00 00 00 00 00 FF FF 00 00 00 00 00 00 00 00 00 00 00 00 00 08 03 00 00 00 00 08 13 07 E3 00 0A 
 00 2D 00 00 00 00 00 00 00 00 00 00 FF FF 00 00 00 00 00 00 00 00 00 00 00 00 00 08 07 00 00 00 00 08 23 07 F3 00 30 
 00 2D 00 00 00 00 00 00 00 00 00 00 FF FF 00 00 00 00 00 00 00 00 00 00 00 00 00 07 D2 00 00 00 00 08 BB 07 E9 00 88 
 00 26 00 00 00 00 00 00 00 00 00 00 FF FF 00 00 00 00 00 00 00 00 00 00 00 00 00 08 0A 00 00 00 00 08 8A 08 05 00 A6 
 00 26 00 00 00 00 00 00 00 00 00 00 FF FF 00 00 00 00 00 00 00 00 00 00 00 00 00 08 10 00 00 00 00 09 14 08 37 00 69 
 00 26 00 00 00 00 00 00 00 00 00 00 FF FF 00 00 00 00 00 00 00 00 00 00 00 00 00 07 FE 00 00 00 00 08 92 07 D6 00 71 
 00 29 00 00 00 00 00 00 00 00 00 00 FF FF 00 00 00 00 00 00 00 00 00 00 00 00 00 08 0B 00 00 00 00 08 EB 08 1E 00 24 
 00 29 00 00 00 00 00 00 00 00 00 00 FF FF 00 00 00 00 00 00 00 00 00 00 00 00 00 08 16 00 00 00 00 08 FB 08 3C 00 5D 
 00 25 00 00 00 00 00 00 00 00 00 00 FF FF 00 00 00 00 00 00 00 00 00 00 00 00 00 08 0E 00 00 00 00 09 10 08 35 00 60 
 00 25 00 00 00 00 00 00 00 00 00 00 FF FF 00 00 00 00 00 00 00 00 00 00 00 00 00 08 05 00 00 00 00 08 BD 07 E6 00 B3 
 00 25 00 00 00 00 00 00 00 00 00 00 FF FF 00 00 00 00 00 00 00 00 00 00 00 00 00 07 FA 00 00 00 00 08 B9 07 EC 00 A9 
 00 2A 00 00 00 00 00 00 00 00 00 00 FF FF 00 00 00 00 00 00 00 00 00 00 00 00 00 08 0C 00 00 00 00 08 89 08 05 00 AB 
 00 2A 00 00 00 00 00 00 00 00 00 00 FF FF 00 00 00 00 00 00 00 00 00 00 00 00 00 08 03 00 00 00 00 08 99 07 D9 00 85 
 00 30 00 00 00 00 00 00 00 00 00 00 FF FF 00 00 00 00 00 00 00 00 00 00 00 00 00 08 11 00 00 00 00 09 1C 08 3F 00 84 
 00 30 00 00 00 00 00 00 00 00 00 00 FF FF 00 00 00 00 00 00 00 00 00 00 00 00 00 07 FF 00 00 00 00 08 B1 07 EA 00 AF 
 00 30 00 00 00 00 00 00 00 00 00 00 FF FF 00 00 00 00 00 00 00 00 00 00 00 00 00 08 1B 00 00 00 00 08 90 08 0F 00 D1 
 00 3E 00 00 00 00 00 00 00 00 00 00 FF FF 00 00 00 00 00 00 00 00 00 00 00 00 00 08 0C 00 00 00 00 09 13 08 37 00 7C 
 00 3E 00 00 00 00 00 00 00 00 00 00 FF FF 00 00 00 00 00 00 00 00 00 00 00 00 00 08 03 00 00 00 00 08 9B 07 DB 00 9D 
 00 43 00 00 00 00 00 00 00 00 00 00 FF FF 00 00 00 00 00 00 00 00 00 00 00 00 00 08 10 00 00 00 00 09 1A 08 41 00 96 
 00 43 00 00 00 00 00 00 00 00 00 00 FF FF 00 00 00 00 00 00 00 00 00 00 00 00 00 08 10 00 00 00 00 09 1B 08 3D 00 93 
 00 43 00 00 00 00 00 00 00 00 00 00 FF FF 00 00 00 00 00 00 00 00 00 00 00 00 00 08 04 00 00 00 00 08 C7 07 EA 00 DE 
 00 4B 00 00 00 00 00 00 00 00 00 00 FF FF 00 00 00 00 00 00 00 00 00 00 00 00 00 08 12 00 00 00 00 09 24 08 43 00 AC 
 00 4B 00 00 00 00 00 00 00 00 00 00 FF FF 00 00 00 00 00 00 00 00 00 00 00 00 00 08 03 00 00 00 00 08 B5 07 ED 00 D6 
 00 50 00 00 00 00 00 00 00 00 00 00 FF FF 00 00 00 00 00 00 00 00 00 00 00 00 00 08 03 00 00 00 00 08 C3 07 F0 00 EC 
 00 50 00 00 00 00 00 00 00 00 00 00 FF FF 00 00 00 00 00 00 00 00 00 00 00 00 00 08 09 00 00 00 00 08 22 07 B5 00 16 
 00 50 00 00 00 00 00 00 00 00 00 00 FF FF 00 00 00 00 00 00 00 00 00 00 00 00 00 07 CB 00 00 00 00 08 BC 07 E6 00 A2 
 00 46 00 00 00 00 00 00 00 00 00 00 FF FF 00 00 00 00 00 00 00 00 00 00 00 00 00 08 1A 00 00 00 00 08 4D 07 E4 00 77 
 00 46 00 00 00 00 00 00 00 00 00 00 FF FF 00 00 00 00 00 00 00 00 00 00 00 00 00 08 0B 00 00 00 00 08 15 07 E5 00 31 
 00 42 00 00 00 00 00 00 00 00 00 00 FF FF 00 00 00 00 00 00 00 00 00 00 00 00 00 07 D0 00 00 00 00 08 B9 07 EA 00 9A 
 00 42 00 00 00 00 00 00 00 00 00 00 FF FF 00 00 00 00 00 00 00 00 00 00 00 00 00 07 CC 00 00 00 00 08 A7 07 DA 00 74 
 00 42 00 00 00 00 00 00 00 00 00 00 FF FF 00 00 00 00 00 00 00 00 00 00 00 00 00 07 FC 00 00 00 00 08 93 07 D5 00 8B 
 00 3A 00 00 00 00 00 00 00 00 00 00 FF FF 00 00 00 00 00 00 00 00 00 00 00 00 00 08 0A 00 00 00 00 08 E7 08 25 00 37 
 00 3A 00 00 00 00 00 00 00 00 00 00 FF FF 00 00 00 00 00 00 00 00 00 00 00 00 00 08 03 00 00 00 00 08 85 07 CF 00 77 
 00 3A 00 00 00 00 00 00 00 00 00 00 FF FF 00 00 00 00 00 00 00 00 00 00 00 00 00 07 FB 00 00 00 00 08 9B 07 E3 00 98 
 00 33 00 00 00 00 00 00 00 00 00 00 FF FF 00 00 00 00 00 00 00 00 00 00 00 00 00 08 04 00 00 00 00 08 C3 07 E4 00 C4 
 00 33 00 00 00 00 00 00 00 00 00 00 FF FF 00 00 00 00 00 00 00 00 00 00 00 00 00 07 F8 00 00 00 00 08 BD 07 EE 00 BB 
 00 2C 00 00 00 00 00 00 00 00 00 00 FF FF 00 00 00 00 00 00 00 00 00 00 00 00 00 08 07 00 00 00 00 08 21 08 13 00 4E 
 00 2C 00 00 00 00 00 00 00 00 00 00 FF FF 00 00 00 00 00 00 00 00 00 00 00 00 00 08 0A 00 00 00 00 08 FD 08 35 00 4F 
 00 28 00 00 00 00 00 00 00 00 00 00 FF FF 00 00 00 00 00 00 00 00 00 00 00 00 00 08 0D 00 00 00 00 08 EB 08 2A 00 31 
 00 28 00 00 00 00 00 00 00 00 00 00 FF FF 00 00 00 00 00 00 00 00 00 00 00 00 00 08 08 00 00 00 00 08 E5 08 19 00 15 
 00 28 00 00 00 00 00 00 00 00 00 00 FF FF 00 00 00 00 00 00 00 00 00 00 00 00 00 08 00 00 00 00 00 08 9B 07 E1 00 8A 
 00 29 00 00 00 00 00 00 00 00 00 00 FF FF 00 00 00 00 00 00 00 00 00 00 00 00 00 07 EE 00 00 00 00 08 A7 07 E1 00 84 
 00 29 00 00 00 00 00 00 00 00 00 00 FF FF 00 00 00 00 00 00 00 00 00 00 00 00 00 08 0C 00 00 00 00 08 8F 08 08 00 B3 
 00 2B 00 00 00 00 00 00 00 00 00 00 FF FF 00 00 00 00 00 00 00 00 00 00 00 00 00 07 FB 00 00 00 00 08 BB 07 E3 00 A9 
 00 2B 00 00 00 00 00 00 00 00 00 00 FF FF 00 00 00 00 00 00 00 00 00 00 00 00 00 08 10 00 00 00 00 09 17 08 3F 00 79 
 00 2B 00 00 00 00 00 00 00 00 00 00 FF FF 00 00 00 00 00 00 00 00 00 00 00 00 00 07 F8 00 00 00 00 08 97 07 D6 00 75 
 00 2B 00 00 00 00 00 00 00 00 00 00 FF FF 00 00 00 00 00 00 00 00 00 00 00 00 00 08 08 00 00 00 00 08 E5 08 19 00 18 
 00 2B 00 00 00 00 00 00 00 00 00 00 FF FF 00 00 00 00 00 00 00 00 00 00 00 00 00 08 10 00 00 00 00 09 0F 08 36 00 68 
 00 32 00 00 00 00 00 00 00 00 00 00 FF FF 00 00 00 00 00 00 00 00 00 00 00 00 00 07 E9 00 00 00 00 08 A7 07 E1 00 88 
 00 32 00 00 00 00 00 00 00 00 00 00 FF FF 00 00 00 00 00 00 00 00 00 00 00 00 00 08 15 00 00 00 00 09 1F 08 37 00 85 
 00 32 00 00 00 00 00 00 00 00 00 00 FF FF 00 00 00 00 00 00 00 00 00 00 00 00 00 08 0A 00 00 00 00 09 25 08 44 00 8D 
 00 34 00 00 00 00 00 00 00 00 00 00 FF FF 00 00 00 00 00 00 00 00 00 00 00 00 00 08 0D 00 00 00 00 09 25 08 3F 00 8D 
 00 34 00 00 00 00 00 00 00 00 00 00 FF FF 00 00 00 00 00 00 00 00 00 00 00 00 00 07 FE 00 00 00 00 08 B6 07 EE 00 BB 
 00 38 00 00 00 00 00 00 00 00 00 00 FF FF 00 00 00 00 00 00 00 00 00 00 00 00 00 08 16 00 00 00 00 08 8F 08 0F 00 D3 
 00 38 00 00 00 00 00 00 00 00 00 00 FF FF 00 00 00 00 00 00 00 00 00 00 00 00 00 07 F9 00 00 00 00 08 BB 07 ED 00 BE 
 00 38 00 00 00 00 00 00 00 00 00 00 FF FF 00 00 00 00 00 00 00 00 00 00 00 00 00 07 FA 00 00 00 00 08 B6 07 DD 00 AA 
 00 3E 00 00 00 00 00 00 00 00 00 00 FF FF 00 00 00 00 00 00 00 00 00 00 00 00 00 07 FE 00 00 00 00 08 9F 07 DF 00 9F 
 00 3E 00 00 00 00 00 00 00 00 00 00 FF FF 00 00 00 00 00 00 00 00 00 00 00 00 00 08 08 00 00 00 00 08 F2 08 26 00 45 
 00 3B 00 00 00 00 00 00 00 00 00 00 FF FF 00 00 00 00 00 00 00 00 00 00 00 00 00 08 0A 00 00 00 00 08 E6 08 1B 00 2D 
 00 3B 00 00 00 00 00 00 00 00 00 00 FF FF 00 00 00 00 00 00 00 00 00 00 00 00 00 07 FB 00 00 00 00 08 9D 07 E5 00 9D 
 00 3B 00 00 00 00 00 00 00 00 00 00 FF FF 00 00 00 00 00 00 00 00 00 00 00 00 00 07 C1 00 00 00 00 08 C0 07 DE 00 7F 
 00 38 00 00 00 00 00 00 00 00 00 00 FF FF 00 00 00 00 00 00 00 00 00 00 00 00 00 08 0A 00 00 00 00 08 FF 08 2E 00 56 
 00 38 00 00 00 00 00 00 00 00 00 00 FF FF 00 00 00 00 00 00 00 00 00 00 00 00 00 08 0D 00 00 00 00 09 1D 08 45 00 8F 
 00 2F 00 00 00 00 00 00 00 00 00 00 FF FF 00 00 00 00 00 00 00 00 00 00 00 00 00 08 03 00 00 00 00 08 AB 07 E8 00 AB 
 00 2F 00 00 00 00 00 00 00 00 00 00 FF FF 00 00 00 00 00 00 00 00 00 00 00 00 00 07 FA 00 00 00 00 08 8A 08 04 00 9D 
 00 2F 00 00 00 00 00 00 00 00 00 00 FF FF 00 00 00 00 00 00 00 00 00 00 00 00 00 08 03 00 00 00 00 09 0D 08 29 00 50 
 00 26 00 00 00 00 00 00 00 00 00 00 FF FF 00 00 00 00 00 00 00 00 00 00 00 00 00 08 0D 00 00 00 00 09 1C 08 3F 00 76 
 00 26 00 00 00 00 00 00 00 00 00 00 FF FF 00 00 00 00 00 00 00 00 00 00 00 00 00 08 00 00 00 00 00 08 B2 07 EB 00 A9 
 00 22 00 00 00 00 00 00 00 00 00 00 FF FF 00 00 00 00 00 00 00 00 00 00 00 00 00 08 18 00 00 00 00 08 7D 07 FD 00 9A 
 00 22 00 00 00 00 00 00 00 00 00 00 FF FF 00 00 00 00 00 00 00 00 00 00 00 00 00 07 CC 00 00 00 00 08 A3 07 D7 00 4D 
 00 22 00 00 00 00 00 00 00 00 00 00 FF FF 00 00 00 00 00 00 00 00 00 00 00 00 00 08 10 00 00 00 00 08 F3 08 28 00 34 
 00 23 00 00 00 00 00 00 00 00 00 00 FF FF 00 00 00 00 00 00 00 00 00 00 00 00 00 07 F9 00 00 00 00 08 8F 07 D3 00 63 
 00 23 00 00 00 00 00 00 00 00 00 00 FF FF 00 00 00 00 00 00 00 00 00 00 00 00 00 07 FC 00 00 00 00 08 8D 07 D3 00 64 
 00 23 00 00 00 00 00 00 00 00 00 00 FF FF 00 00 00 00 00 00 00 00 00 00 00 00 00 08 00 00 00 00 00 08 A5 07 E3 00 91 
 00 1B 00 00 00 00 00 00 00 00 00 00 FF FF 00 00 00 00 00 00 00 00 00 00 00 00 00 08 0F 00 00 00 00 09 1D 08 3E 00 6D 
 00 1B 00 00 00 00 00 00 00 00 00 00 FF FF 00 00 00 00 00 00 00 00 00 00 00 00 00 07 C5 00 00 00 00 08 C7 07 F0 00 7C 
 00 21 00 00 00 00 00 00 00 00 00 00 FF FF 00 00 00 00 00 00 00 00 00 00 00 00 00 07 C7 00 00 00 00 08 A5 07 D6 00 48 
 00 21 00 00 00 00 00 00 00 00 00 00 FF FF 00 00 00 00 00 00 00 00 00 00 00 00 00 08 01 00 00 00 00 08 F3 08 25 00 21 
 00 21 00 00 00 00 00 00 00 00 00 00 FF FF 00 00 00 00 00 00 00 00 00 00 00 00 00 08 17 00 00 00 00 09 0B 08 3B 00 66 
 00 21 00 00 00 00 00 00 00 00 00 00 FF FF 00 00 00 00 00 00 00 00 00 00 00 00 00 08 03 00 00 00 00 08 AB 07 E3 00 98 
 00 21 00 00 00 00 00 00 00 00 00 00 FF FF 00 00 00 00 00 00 00 00 00 00 00 00 00 08 01 00 00 00 00 09 2F 08 3E 00 77 
 00 27 00 00 00 00 00 00 00 00 00 00 FF FF 00 00 00 00 00 00 00 00 00 00 00 00 00 07 E0 00 00 00 00 08 B2 07 E0 00 7E 
 00 27 00 00 00 00 00 00 00 00 00 00 FF FF 00 00 00 00 00 00 00 00 00 00 00 00 00 08 05 00 00 00 00 08 F9 08 2D 00 39 
 00 2B 00 00 00 00 00 00 00 00 00 00 FF FF 00 00 00 00 00 00 00 00 00 00 00 00 00 07 F8 00 00 00 00 08 8E 07 D5 00 6B 
 00 2B 00 00 00 00 00 00 00 00 00 00 FF FF 00 00 00 00 00 00 00 00 00 00 00 00 00 07 EC 00 00 00 00 08 EC 08 24 00 0D 
 00 2B 00 00 00 00 00 00 00 00 00 00 FF FF 00 00 00 00 00 00 00 00 00 00 00 00 00 08 0F 00 00 00 00 08 FB 08 30 00 4C 
 00 36 00 00 00 00 00 00 00 00 00 00 FF FF 00 00 00 00 00 00 00 00 00 00 00 00 00 08 07 00 00 00 00 08 E7 08 27 00 32 
 00 36 00 00 00 00 00 00 00 00 00 00 FF FF 00 00 00 00 00 00 00 00 00 00 00 00 00 08 11 00 00 00 00 09 0C 08 32 00 6D 
 00 36 00 00 00 00 00 00 00 00 00 00 FF FF 00 00 00 00 00 00 00 00 00 00 00 00 00 07 FE 00 00 00 00 08 AB 07 DD 00 A1 
 00 41 00 00 00 00 00 00 00 00 00 00 FF FF 00 00 00 00 00 00 00 00 00 00 00 00 00 08 04 00 00 00 00 08 B1 07 E7 00 C3 
 00 41 00 00 00 00 00 00 00 00 00 00 FF FF 00 00 00 00 00 00 00 00 00 00 00 00 00 07 C2 00 00 00 00 08 C7 07 ED 00 9C 
 00 52 00 00 00 00 00 00 00 00 00 00 FF FF 00 00 00 00 00 00 00 00 00 00 00 00 00 07 F2 00 00 00 00 09 03 08 27 00 55 
 00 52 00 00 00 00 00 00 00 00 00 00 FF FF 00 00 00 00 00 00 00 00 00 00 00 00 00 07 F4 00 00 00 00 08 97 07 D7 00 99 
 00 57 00 00 00 00 00 00 00 00 00 00 FF FF 00 00 00 00 00 00 00 00 00 00 00 00 00 08 0F 00 00 00 00 08 F1 08 2B 00 69 
 00 57 00 00 00 00 00 00 00 00 00 00 FF FF 00 00 00 00 00 00 00 00 00 00 00 00 00 07 BA 00 00 00 00 08 8B 07 CF 00 50 
 00 57 00 00 00 00 00 00 00 00 00 00 FF FF 00 00 00 00 00 00 00 00 00 00 00 00 00 07 E7 00 00 00 00 08 F5 08 2A 00 43 
 00 56 00 00 00 00 00 00 00 00 00 00 FF FF 00 00 00 00 00 00 00 00 00 00 00 00 00 07 FA 00 00 00 00 08 99 07 DB 00 A9 
 00 56 00 00 00 00 00 00 00 00 00 00 FF FF 00 00 00 00 00 00 00 00 00 00 00 00 00 08 15 00 00 00 00 08 FF 08 39 00 8A 
 00 4E 00 00 00 00 00 00 00 00 00 00 FF FF 00 00 00 00 00 00 00 00 00 00 00 00 00 08 10 00 00 00 00 09 17 08 39 00 96 
 00 4E 00 00 00 00 00 00 00 00 00 00 FF FF 00 00 00 00 00 00 00 00 00 00 00 00 00 08 17 00 00 00 00 09 21 08 3F 00 AD 
 00 4E 00 00 00 00 00 00 00 00 00 00 FF FF 00 00 00 00 00 00 00 00 00 00 00 00 00 07 E7 00 00 00 00 08 C0 07 DD 00 B7 
 00 4D 00 00 00 00 00 00 00 00 00 00 FF FF 00 00 00 00 00 00 00 00 00 00 00 00 00 07 FD 00 00 00 00 08 FF 08 26 00 55 
 00 4D 00 00 00 00 00 00 00 00 00 00 FF FF 00 00 00 00 00 00 00 00 00 00 00 00 00 07 F6 00 00 00 00 08 9F 07 DA 00 A1 
 00 4C 00 00 00 00 00 00 00 00 00 00 FF FF 00 00 00 00 00 00 00 00 00 00 00 00 00 08 0E 00 00 00 00 08 F1 08 29 00 5B 
 00 4C 00 00 00 00 00 00 00 00 00 00 FF FF 00 00 00 00 00 00 00 00 00 00 00 00 00 08 03 00 00 00 00 08 A3 07 E1 00 B9 
 00 4C 00 00 00 00 00 00 00 00 00 00 FF FF 00 00 00 00 00 00 00 00 00 00 00 00 00 07 FD 00 00 00 00 08 AA 07 E3 00 BB 
 00 48 00 00 00 00 00 00 00 00 00 00 FF FF 00 00 00 00 00 00 00 00 00 00 00 00 00 07 EA 00 00 00 00 08 C1 07 E4 00 BC 
 00 48 00 00 00 00 00 00 00 00 00 00 FF FF 00 00 00 00 00 00 00 00 00 00 00 00 00 07 EE 00 00 00 00 08 A5 07 CF 00 8F 
 00 44 00 00 00 00 00 00 00 00 00 00 FF FF 00 00 00 00 00 00 00 00 00 00 00 00 00 08 10 00 00 00 00 09 1E 08 3E 00 98 
 00 44 00 00 00 00 00 00 00 00 00 00 FF FF 00 00 00 00 00 00 00 00 00 00 00 00 00 07 FC 00 00 00 00 08 83 08 03 00 AC 
 00 44 00 00 00 00 00 00 00 00 00 00 FF FF 00 00 00 00 00 00 00 00 00 00 00 00 00 07 FA 00 00 00 00 08 C0 07 DC 00 BF 
 00 42 00 00 00 00 00 00 00 00 00 00 FF FF 00 00 00 00 00 00 00 00 00 00 00 00 00 07 F7 00 00 00 00 08 A8 07 E6 00 AC 
 00 42 00 00 00 00 00 00 00 00 00 00 FF FF 00 00 00 00 00 00 00 00 00 00 00 00 00 07 FC 00 00 00 00 08 A5 07 E0 00 A8 
 00 3C 00 00 00 00 00 00 00 00 00 00 FF FF 00 00 00 00 00 00 00 00 00 00 00 00 00 07 FB 00 00 00 00 08 B2 07 E7 00 B5 
 00 3C 00 00 00 00 00 00 00 00 00 00 FF FF 00 00 00 00 00 00 00 00 00 00 00 00 00 07 EF 00 00 00 00 08 F9 08 2B 00 35 
 00 3C 00 00 00 00 00 00 00 00 00 00 FF FF 00 00 00 00 00 00 00 00 00 00 00 00 00 08 02 00 00 00 00 08 F0 08 24 00 39 
 00 3A 00 00 00 00 00 00 00 00 00 00 FF FF 00 00 00 00 00 00 00 00 00 00 00 00 00 08 0F 00 00 00 00 09 12 08 36 00 79 
 00 3A 00 00 00 00 00 00 00 00 00 00 FF FF 00 00 00 00 00 00 00 00 00 00 00 00 00 07 ED 00 00 00 00 08 F9 08 2A 00 30 
 00 3A 00 00 00 00 00 00 00 00 00 00 FF FF 00 00 00 00 00 00 00 00 00 00 00 00 00 07 EF 00 00 00 00 08 92 07 D1 00 71 
 00 3A 00 00 00 00 00 00 00 00 00 00 FF FF 00 00 00 00 00 00 00 00 00 00 00 00 00 07 EA 00 00 00 00 08 ED 08 23 00 1A 
 00 3A 00 00 00 00 00 00 00 00 00 00 FF FF 00 00 00 00 00 00 00 00 00 00 00 00 00 07 BD 00 00 00 00 08 99 07 DA 00 4F 
 00 34 00 00 00 00 00 00 00 00 00 00 FF FF 00 00 00 00 00 00 00 00 00 00 00 00 00 07 F7 00 00 00 00 08 98 07 D4 00 7C 
 00 34 00 00 00 00 00 00 00 00 00 00 FF FF 00 00 00 00 00 00 00 00 00 00 00 00 00 08 0A 00 00 00 00 08 FF 08 34 00 58 
 00 34 00 00 00 00 00 00 00 00 00 00 FF FF 00 00 00 00 00 00 00 00 00 00 00 00 00 07 E3 00 00 00 00 08 9F 07 DC 00 77 
 00 37 00 00 00 00 00 00 00 00 00 00 FF FF 00 00 00 00 00 00 00 00 00 00 00 00 00 08 86 00 00 00 00 08 95 07 D0 00 08 
 00 37 00 00 00 00 00 00 00 00 00 00 FF FF 00 00 00 00 00 00 00 00 00 00 00 00 00 07 F7 00 00 00 00 08 A5 07 DE 00 96 
 00 34 00 00 00 00 00 00 00 00 00 00 FF FF 00 00 00 00 00 00 00 00 00 00 00 00 00 07 E1 00 00 00 00 08 A9 07 DE 00 81 
 00 34 00 00 00 00 00 00 00 00 00 00 FF FF 00 00 00 00 00 00 00 00 00 00 00 00 00 07 E4 00 00 00 00 08 AD 07 D9 00 83 
 00 32 00 00 00 00 00 00 00 00 00 00 FF FF 00 00 00 00 00 00 00 00 00 00 00 00 00 07 F2 00 00 00 00 08 A1 07 D7 00 81 
 00 32 00 00 00 00 00 00 00 00 00 00 FF FF 00 00 00 00 00 00 00 00 00 00 00 00 00 07 ED 00 00 00 00 08 EF 08 25 00 19 
 00 32 00 00 00 00 00 00 00 00 00 00 FF FF 00 00 00 00 00 00 00 00 00 00 00 00 00 08 05 00 00 00 00 08 F5 08 26 00 39 
 00 33 00 00 00 00 00 00 00 00 00 00 FF FF 00 00 00 00 00 00 00 00 00 00 00 00 00 08 04 00 00 00 00 08 E9 08 1F 00 26 
 00 33 00 00 00 00 00 00 00 00 00 00 FF FF 00 00 00 00 00 00 00 00 00 00 00 00 00 07 FB 00 00 00 00 08 8D 07 D2 00 72 
 00 33 00 00 00 00 00 00 00 00 00 00 FF FF 00 00 00 00 00 00 00 00 00 00 00 00 00 08 10 00 00 00 00 09 0B 08 32 00 68 
 00 33 00 00 00 00 00 00 00 00 00 00 FF FF 00 00 00 00 00 00 00 00 00 00 00 00 00 07 E5 00 00 00 00 08 A7 07 DF 00 83 
 00 33 00 00 00 00 00 00 00 00 00 00 FF FF 00 00 00 00 00 00 00 00 00 00 00 00 00 07 E7 00 00 00 00 09 1C 08 32 00 4F 
 00 34 00 00 00 00 00 00 00 00 00 00 FF FF 00 00 00 00 00 00 00 00 00 00 00 00 00 08 31 00 00 00 00 08 F8 08 28 00 6C 
 00 34 00 00 00 00 00 00 00 00 00 00 FF FF 00 00 00 00 00 00 00 00 00 00 00 00 00 07 F8 00 00 00 00 08 97 07 DE 00 86 
 00 32 00 00 00 00 00 00 00 00 00 00 FF FF 00 00 00 00 00 00 00 00 00 00 00 00 00 07 E2 00 00 00 00 08 A5 07 E0 00 7E 
 00 32 00 00 00 00 00 00 00 00 00 00 FF FF 00 00 00 00 00 00 00 00 00 00 00 00 00 08 04 00 00 00 00 08 EE 08 1C 00 27 
 00 32 00 00 00 00 00 00 00 00 00 00 FF FF 00 00 00 00 00 00 00 00 00 00 00 00 00 07 FE 00 00 00 00 08 A1 07 E1 00 97 
 00 32 00 00 00 00 00 00 00 00 00 00 FF FF 00 00 00 00 00 00 00 00 00 00 00 00 00 07 FE 00 00 00 00 09 11 08 2F 00 57 
 00 32 00 00 00 00 00 00 00 00 00 00 FF FF 00 00 00 00 00 00 00 00 00 00 00 00 00 07 D6 00 00 00 00 08 AB 07 D4 00 6C 
 00 2E 00 00 00 00 00 00 00 00 00 00 FF FF 00 00 00 00 00 00 00 00 00 00 00 00 00 08 02 00 00 00 00 08 FA 08 2A 00 3B 
 00 2E 00 00 00 00 00 00 00 00 00 00 FF FF 00 00 00 00 00 00 00 00 00 00 00 00 00 07 F0 00 00 00 00 08 91 07 D0 00 64 
 00 2E 00 00 00 00 00 00 00 00 00 00 FF FF 00 00 00 00 00 00 00 00 00 00 00 00 00 08 18 00 00 00 00 09 19 08 3F 00 86 
 00 2F 00 00 00 00 00 00 00 00 00 00 FF FF 00 00 00 00 00 00 00 00 00 00 00 00 00 07 F9 00 00 00 00 09 1D 08 3C 00 68 
 00 2F 00 00 00 00 00 00 00 00 00 00 FF FF 00 00 00 00 00 00 00 00 00 00 00 00 00 07 F5 00 00 00 00 09 06 08 25 00 36 
 00 34 00 00 00 00 00 00 00 00 00 00 FF FF 00 00 00 00 00 00 00 00 00 00 00 00 00 07 F3 00 00 00 00 08 9D 07 D8 00 81 
 00 34 00 00 00 00 00 00 00 00 00 00 FF FF 00 00 00 00 00 00 00 00 00 00 00 00 00 07 EE 00 00 00 00 08 EC 08 22 00 16 
 00 34 00 00 00 00 00 00 00 00 00 00 FF FF 00 00 00 00 00 00 00 00 00 00 00 00 00 07 E4 00 00 00 00 08 F1 08 24 00 13 
 00 36 00 00 00 00 00 00 00 00 00 00 FF FF 00 00 00 00 00 00 00 00 00 00 00 00 00 07 B5 00 00 00 00 08 97 07 D4 00 3B 
 00 36 00 00 00 00 00 00 00 00 00 00 FF FF 00 00 00 00 00 00 00 00 00 00 00 00 00 07 B8 00 00 00 00 08 9C 07 D6 00 45 
 00 33 00 00 00 00 00 00 00 00 00 00 FF FF 00 00 00 00 00 00 00 00 00 00 00 00 00 07 B2 00 00 00 00 08 8D 07 CD 00 24 
 00 33 00 00 00 00 00 00 00 00 00 00 FF FF 00 00 00 00 00 00 00 00 00 00 00 00 00 07 B9 00 00 00 00 08 93 07 D2 00 36 
 00 33 00 00 00 00 00 00 00 00 00 00 FF FF 00 00 00 00 00 00 00 00 00 00 00 00 00 07 EC 00 00 00 00 08 F1 08 25 00 1B 
 00 34 00 00 00 00 00 00 00 00 00 00 FF FF 00 00 00 00 00 00 00 00 00 00 00 00 00 07 ED 00 00 00 00 08 F4 08 27 00 22 
 00 34 00 00 00 00 00 00 00 00 00 00 FF FF 00 00 00 00 00 00 00 00 00 00 00 00 00 07 E6 00 00 00 00 08 F5 08 26 00 1B 
 00 34 00 00 00 00 00 00 00 00 00 00 FF FF 00 00 00 00 00 00 00 00 00 00 00 00 00 07 B7 00 00 00 00 08 97 07 D4 00 3B 
 00 32 00 00 00 00 00 00 00 00 00 00 FF FF 00 00 00 00 00 00 00 00 00 00 00 00 00 07 B5 00 00 00 00 08 8F 07 CF 00 2A 
 00 32 00 00 00 00 00 00 00 00 00 00 FF FF 00 00 00 00 00 00 00 00 00 00 00 00 00 07 E4 00 00 00 00 08 EF 08 22 00 0D 
 00 36 00 00 00 00 00 00 00 00 00 00 FF FF 00 00 00 00 00 00 00 00 00 00 00 00 00 07 B5 00 00 00 00 08 95 07 D3 00 38 
 00 36 00 00 00 00 00 00 00 00 00 00 FF FF 00 00 00 00 00 00 00 00 00 00 00 00 00 07 B2 00 00 00 00 08 94 07 D1 00 32 
 00 31 00 00 00 00 00 00 00 00 00 00 FF FF 00 00 00 00 00 00 00 00 00 00 00 00 00 07 E7 00 00 00 00 08 E6 08 1A 00 FE 
 00 31 00 00 00 00 00 00 00 00 00 00 FF FF 00 00 00 00 00 00 00 00 00 00 00 00 00 07 B4 00 00 00 00 08 8A 07 CA 00 1E 
 00 31 00 00 00 00 00 00 00 00 00 00 FF FF 00 00 00 00 00 00 00 00 00 00 00 00 00 07 E6 00 00 00 00 08 E7 08 1A 00 FE 
 00 35 00 00 00 00 00 00 00 00 00 00 FF FF 00 00 00 00 00 00 00 00 00 00 00 00 00 07 E6 00 00 00 00 08 E5 08 19 00 FF 
 00 35 00 00 00 00 00 00 00 00 00 00 FF FF 00 00 00 00 00 00 00 00 00 00 00 00 00 07 B3 00 00 00 00 08 8B 07 CB 00 23 
 00 34 00 00 00 00 00 00 00 00 00 00 FF FF 00 00 00 00 00 00 00 00 00 00 00 00 00 07 E5 00 00 00 00 08 E5 08 19 00 FD 
 00 34 00 00 00 00 00 00 00 00 00 00 FF FF 00 00 00 00 00 00 00 00 00 00 00 00 00 07 E3 00 00 00 00 08 EE 08 21 00 0C 
 00 34 00 00 00 00 00 00 00 00 00 00 FF FF 00 00 00 00 00 00 00 00 00 00 00 00 00 07 B4 00 00 00 00 08 95 07 D3 00 35 
 00 34 00 00 00 00 00 00 00 00 00 00 FF FF 00 00 00 00 00 00 00 00 00 00 00 00 00 07 E5 00 00 00 00 08 ED 08 20 00 0C 
 00 34 00 00 00 00 00 00 00 00 00 00 FF FF 00 00 00 00 00 00 00 00 00 00 00 00 00 07 E4 00 00 00 00 08 EF 08 22 00 0F 
 00 33 00 00 00 00 00 00 00 00 00 00 FF FF 00 00 00 00 00 00 00 00 00 00 00 00 00 07 B4 00 00 00 00 08 95 07 D3 00 34 
 00 33 00 00 00 00 00 00 00 00 00 00 FF FF 00 00 00 00 00 00 00 00 00 00 00 00 00 07 BE 00 00 00 00 08 99 07 D8 00 47 
 00 33 00 00 00 00 00 00 00 00 00 00 FF FF 00 00 00 00 00 00 00 00 00 00 00 00 00 07 B0 00 00 00 00 08 99 07 D4 00 35 
 00 33 00 00 00 00 00 00 00 00 00 00 FF FF 00 00 00 00 00 00 00 00 00 00 00 00 00 07 EC 00 00 00 00 08 F3 08 27 00 1F 
 00 33 00 00 00 00 00 00 00 00 00 00 FF FF 00 00 00 00 00 00 00 00 00 00 00 00 00 07 B1 00 00 00 00 08 97 07 D4 00 34 
 00 30 00 00 00 00 00 00 00 00 00 00 FF FF 00 00 00 00 00 00 00 00 00 00 00 00 00 07 B3 00 00 00 00 08 97 07 D2 00 31 
 00 30 00 00 00 00 00 00 00 00 00 00 FF FF 00 00 00 00 00 00 00 00 00 00 00 00 00 07 B9 00 00 00 00 08 97 07 D5 00 3A 
 00 30 00 00 00 00 00 00 00 00 00 00 FF FF 00 00 00 00 00 00 00 00 00 00 00 00 00 07 E3 00 00 00 00 08 F6 08 27 00 16 
 00 34 00 00 00 00 00 00 00 00 00 00 FF FF 00 00 00 00 00 00 00 00 00 00 00 00 00 07 B7 00 00 00 00 08 97 07 D3 00 3A 
 00 34 00 00 00 00 00 00 00 00 00 00 FF FF 00 00 00 00 00 00 00 00 00 00 00 00 00 07 E7 00 00 00 00 08 F0 08 22 00 13 
 00 33 00 00 00 00 00 00 00 00 00 00 FF FF 00 00 00 00 00 00 00 00 00 00 00 00 00 07 B5 00 00 00 00 08 97 07 D3 00 37 
 00 33 00 00 00 00 00 00 00 00 00 00 FF FF 00 00 00 00 00 00 00 00 00 00 00 00 00 07 B7 00 00 00 00 08 9C 07 D6 00 41 
 00 33 00 00 00 00 00 00 00 00 00 00 FF FF 00 00 00 00 00 00 00 00 00 00 00 00 00 07 B7 00 00 00 00 08 93 07 D1 00 33 
 00 32 00 00 00 00 00 00 00 00 00 00 FF FF 00 00 00 00 00 00 00 00 00 00 00 00 00 07 B6 00 00 00 00 08 90 07 CC 00 29 
 00 32 00 00 00 00 00 00 00 00 00 00 FF FF 00 00 00 00 00 00 00 00 00 00 00 00 00 07 E6 00 00 00 00 08 E5 08 19 00 FC 
 00 31 00 00 00 00 00 00 00 00 00 00 FF FF 00 00 00 00 00 00 00 00 00 00 00 00 00 07 B1 00 00 00 00 08 8B 07 C9 00 1B 
 00 31 00 00 00 00 00 00 00 00 00 00 FF FF 00 00 00 00 00 00 00 00 00 00 00 00 00 07 E7 00 00 00 00 08 ED 08 21 00 0C 
 00 31 00 00 00 00 00 00 00 00 00 00 FF FF 00 00 00 00 00 00 00 00 00 00 00 00 00 07 E9 00 00 00 00 08 EC 08 1C 00 08 
 00 34 00 00 00 00 00 00 00 00 00 00 FF FF 00 00 00 00 00 00 00 00 00 00 00 00 00 07 EA 00 00 00 00 08 E9 08 1F 00 0C 
 00 34 00 00 00 00 00 00 00 00 00 00 FF FF 00 00 00 00 00 00 00 00 00 00 00 00 00 07 E0 00 00 00 00 08 E0 08 15 00 EF 
 00 35 00 00 00 00 00 00 00 00 00 00 FF FF 00 00 00 00 00 00 00 00 00 00 00 00 00 07 E2 00 00 00 00 08 EA 08 1D 00 04 
 00 35 00 00 00 00 00 00 00 00 00 00 FF FF 00 00 00 00 00 00 00 00 00 00 00 00 00 07 B0 00 00 00 00 08 8F 07 CD 00 26 
 00 35 00 00 00 00 00 00 00 00 00 00 FF FF 00 00 00 00 00 00 00 00 00 00 00 00 00 07 E0 00 00 00 00 08 E6 08 19 00 FA 
 00 35 00 00 00 00 00 00 00 00 00 00 FF FF 00 00 00 00 00 00 00 00 00 00 00 00 00 07 B3 00 00 00 00 08 8B 07 CA 00 22 
 00 35 00 00 00 00 00 00 00 00 00 00 FF FF 00 00 00 00 00 00 00 00 00 00 00 00 00 07 E1 00 00 00 00 08 EA 08 1D 00 03 
 00 35 00 00 00 00 00 00 00 00 00 00 FF FF 00 00 00 00 00 00 00 00 00 00 00 00 00 07 B2 00 00 00 00 08 91 07 CD 00 2A 
 00 35 00 00 00 00 00 00 00 00 00 00 FF FF 00 00 00 00 00 00 00 00 00 00 00 00 00 07 DE 00 00 00 00 08 ED 08 20 00 06 