 02 6F 00 00 FF E9 03 01 0A 00 00 00 FF FF 00 00 00 FF E9 00 00 00 00 00 00 00 00 00 00 00 00 00 00 00 54 00 5D 00 CF 
 02 6F 00 00 FF E9 03 01 0A 00 00 00 FF FF 00 00 00 FF E9 00 00 00 00 00 00 00 00 00 00 00 00 00 00 00 59 00 65 00 DC 
 02 6F 00 00 FF E9 03 01 0A 00 00 00 FF FF 00 00 00 FF E9 00 00 00 00 00 00 00 00 00 00 00 00 00 00 00 58 00 5F 00 D5 
 02 6F 00 00 FF E9 03 01 0A 00 00 00 FF FF 00 00 00 FF E9 00 00 00 00 00 00 00 00 00 00 00 00 00 00 00 58 00 5D 00 D3 
 02 6F 00 00 FF E9 03 01 0A 00 00 00 FF FF 00 00 00 FF E9 00 00 00 00 00 00 00 00 00 00 00 00 00 00 00 57 00 61 00 D6 
 02 6F 00 00 FF E9 03 01 0A 00 00 00 FF FF 00 00 00 FF E9 00 00 00 00 00 00 00 00 00 00 00 00 00 00 00 5A 00 61 00 D9 
 02 6F 00 00 FF E9 03 01 0A 00 00 00 FF FF 00 00 00 FF E9 00 00 00 00 00 00 00 00 00 00 00 00 00 00 00 58 00 5F 00 D5 
 02 6F 00 00 FF E9 03 01 0A 00 00 00 FF FF 00 00 00 FF E9 00 00 00 00 00 00 00 00 00 00 00 00 00 00 00 59 00 61 00 D8 
 02 6F 00 00 FF E9 03 01 0A 00 00 00 FF FF 00 00 00 FF E9 00 00 00 00 00 00 00 00 00 01 00 00 00 00 00 58 00 5F 00 D6 
 02 6F 00 00 FF E9 03 01 0A 00 00 00 FF FF 00 00 00 FF E9 00 00 00 00 00 00 00 00 00 00 00 00 00 00 00 56 00 5F 00 D3 
 02 6F 00 00 FF E9 03 01 0A 00 00 00 FF FF 00 00 00 FF E9 00 00 00 00 00 00 00 00 00 01 00 00 00 00 00 58 00 5F 00 D6 
 02 6F 00 00 FF E9 03 01 0A 00 00 00 FF FF 00 00 00 FF E9 00 00 00 00 00 00 00 00 00 00 00 00 00 00 00 58 00 5F 00 D5 
 02 6F 00 00 FF E9 03 01 0A 00 00 00 FF FF 00 00 00 FF E9 00 00 00 00 00 00 00 00 00 00 00 00 00 00 00 58 00 60 00 D6 
 02 6F 00 00 FF E9 03 01 0A 00 00 00 FF FF 00 00 00 FF E9 00 00 00 00 00 00 00 00 00 02 00 00 00 00 00 57 00 61 00 D8 
 02 6F 00 00 FF E9 03 01 0A 00 00 00 FF FF 00 00 00 FF E9 00 00 00 00 00 00 00 00 00 00 00 00 00 00 00 60 00 6A 00 E8 
 02 6F 00 00 FF E9 03 01 0A 00 00 00 FF FF 00 00 00 FF E9 00 00 00 00 00 00 00 00 00 00 00 00 00 00 00 56 00 5F 00 D3 
 02 6F 00 00 FF E9 03 01 0A 00 00 00 FF FF 00 00 00 FF E9 00 00 00 00 00 00 00 00 00 00 00 00 00 00 00 54 00 62 00 D4 
 02 6F 00 00 FF E9 03 01 0A 00 00 00 FF FF 00 00 00 FF E9 00 00 00 00 00 00 00 00 00 00 00 00 00 00 00 58 00 5F 00 D5 
 02 6F 00 00 FF E9 03 01 0A 00 00 00 FF FF 00 00 00 FF E9 00 00 00 00 00 00 00 00 00 00 00 00 00 00 00 58 00 5D 00 D3 
 02 6F 00 00 FF E9 03 01 0A 00 00 00 FF FF 00 00 00 FF E9 00 00 00 00 00 00 00 00 00 00 00 00 00 00 00 58 00 5D 00 D3 
 02 6F 00 00 FF E9 03 01 0A 00 00 00 FF FF 00 00 00 FF E9 00 00 00 00 00 00 00 00 00 00 00 00 00 00 00 56 00 5C 00 D0 
 02 6F 00 00 FF E9 03 01 0A 00 00 00 FF FF 00 00 00 FF E9 00 00 00 00 00 00 00 00 00 00 00 00 00 00 00 57 00 66 00 DB 
 02 6F 00 00 FF E9 03 01 0A 00 00 00 FF FF 00 00 00 FF E9 00 00 00 00 00 00 00 00 00 00 00 00 00 00 00 57 00 5F 00 D4 
 02 6F 00 00 FF E9 03 01 0A 00 00 00 FF FF 00 00 00 FF E9 00 00 00 00 00 00 00 00 00 00 00 00 00 00 00 5B 00 66 00 DF 
 02 6F 00 00 FF E9 03 01 0A 00 00 00 FF FF 00 00 00 FF E9 00 00 00 00 00 00 00 00 00 00 00 00 00 00 00 57 00 61 00 D6 
 02 6F 00 00 FF E9 03 01 0A 00 00 00 FF FF 00 00 00 FF E9 00 00 00 00 00 00 00 00 00 01 00 00 00 00 00 5A 00 65 00 DE 
 02 6F 00 00 FF E9 03 01 0A 00 00 00 FF FF 00 00 00 FF E9 00 00 00 00 00 00 00 00 00 00 00 00 00 00 00 54 00 5B 00 CD 
 02 6F 00 00 FF E9 03 01 0A 00 00 00 FF FF 00 00 00 FF E9 00 00 00 00 00 00 00 00 00 00 00 00 00 00 00 58 00 61 00 D7 
 02 6F 00 00 FF E9 03 01 0A 00 00 00 FF FF 00 00 00 FF E9 00 00 00 00 00 00 00 00 00 00 00 00 00 00 00 59 00 61 00 D8 
 02 6F 00 00 FF E9 03 01 0A 00 00 00 FF FF 00 00 00 FF E9 00 00 00 00 00 00 00 00 00 00 00 00 00 00 00 57 00 62 00 D7 
 02 6F 00 00 FF E9 03 01 0A 00 00 00 FF FF 00 00 00 FF E9 00 00 00 00 00 00 00 00 00 00 00 00 00 00 00 59 00 61 00 D8 
 02 6F 00 00 FF E9 03 01 0A 00 00 00 FF FF 00 00 00 FF E9 00 00 00 00 00 00 00 00 00 00 00 00 00 00 00 57 00 5F 00 D4 
 02 6F 00 00 FF E9 03 01 0A 00 00 00 FF FF 00 00 00 FF E9 00 00 00 00 00 00 00 00 00 00 00 00 00 00 00 56 00 60 00 D4 
 02 6F 00 00 FF E9 03 01 0A 00 00 00 FF FF 00 00 00 FF E9 00 00 00 00 00 00 00 00 00 00 00 00 00 00 00 57 00 5F 00 D4 
 02 6F 00 00 FF E9 03 01 0A 00 00 00 FF FF 00 00 00 FF E9 00 00 00 00 00 00 00 00 00 00 00 00 00 00 00 58 00 61 00 D7 
 02 6F 00 00 FF E9 03 01 0A 00 00 00 FF FF 00 00 00 FF E9 00 00 00 00 00 00 00 00 00 02 00 00 00 00 00 59 00 63 00 DC 
 02 6F 00 00 FF E9 03 01 0A 00 00 00 FF FF 00 00 00 FF E9 00 00 00 00 00 00 00 00 00 00 00 00 00 00 00 58 00 5E 00 D4 
 02 6F 00 00 FF E9 03 01 0A 00 00 00 FF FF 00 00 00 FF E9 00 00 00 00 00 00 00 00 00 00 00 00 00 00 00 58 00 5F 00 D5 
 02 6F 00 00 FF E9 03 01 0A 00 00 00 FF FF 00 00 00 FF E9 00 00 00 00 00 00 00 00 00 00 00 00 00 00 00 58 00 60 00 D6 
 02 6F 00 00 FF E9 03 01 0A 00 00 00 FF FF 00 00 00 FF E9 00 00 00 00 00 00 00 00 00 00 00 00 00 00 00 58 00 62 00 D8 
 02 6F 00 00 FF E9 03 01 0A 00 00 00 FF FF 00 00 00 FF E9 00 00 00 00 00 00 00 00 00 00 00 00 00 00 00 56 00 63 00 D7 
 02 6F 00 00 FF E9 03 01 0A 00 00 00 FF FF 00 00 00 FF E9 00 00 00 00 00 00 00 00 00 00 00 00 00 00 00 57 00 63 00 D8 
 02 6F 00 00 FF E9 03 01 0A 00 00 00 FF FF 00 00 00 FF E9 00 00 00 00 00 00 00 00 00 00 00 00 00 00 00 58 00 60 00 D6 
 02 6F 00 00 FF E9 03 01 0A 00 00 00 FF FF 00 00 00 FF E9 00 00 00 00 00 00 00 00 00 02 00 00 00 00 00 58 00 5F 00 D7 
 02 6F 00 00 FF E9 03 01 0A 00 00 00 FF FF 00 00 00 FF E9 00 00 00 00 00 00 00 00 00 00 00 00 00 00 00 54 00 5F 00 D1 
 02 6F 00 00 FF E9 03 01 0A 00 00 00 FF FF 00 00 00 FF E9 00 00 00 00 00 00 00 00 00 00 00 00 00 00 00 56 00 5E 00 D2 
 02 6F 00 00 FF E9 03 01 0A 00 00 00 FF FF 00 00 00 FF E9 00 00 00 00 00 00 00 00 00 0E 00 00 00 00 00 58 00 5F 00 E3 
 02 6F 00 00 FF E9 03 01 0A 00 00 00 FF FF 00 00 00 FF E9 00 00 00 00 00 00 00 00 00 00 00 00 00 00 00 57 00 60 00 D5 
 02 6F 00 00 FF E9 03 01 0A 00 00 00 FF FF 00 00 00 FF E9 00 00 00 00 00 00 00 00 00 00 00 00 00 00 00 59 00 6C 00 E3 
 02 6F 00 00 FF E9 03 01 0A 00 00 00 FF FF 00 00 00 FF E9 00 00 00 00 00 00 00 00 00 00 00 00 00 00 00 57 00 61 00 D6 
 02 6F 00 00 FF E9 03 01 0A 00 00 00 FF FF 00 00 00 FF E9 00 00 00 00 00 00 00 00 00 00 00 00 00 00 00 4F 00 5F 00 CC 
 02 6F 00 00 FF E9 03 01 0A 00 00 00 FF FF 00 00 00 FF E9 00 00 00 00 00 00 00 00 00 00 00 00 00 00 00 5A 00 63 00 DB 
 02 6F 00 00 FF E9 03 01 0A 00 00 00 FF FF 00 00 00 FF E9 00 00 00 00 00 00 00 00 00 00 00 00 00 00 00 59 00 5F 00 D6 
 02 6F 00 00 FF E9 03 01 0A 00 00 00 FF FF 00 00 00 FF E9 00 00 00 00 00 00 00 00 00 00 00 00 00 00 00 56 00 60 00 D4 
 02 6F 00 00 FF E9 03 01 0A 00 00 00 FF FF 00 00 00 FF E9 00 00 00 00 00 00 00 00 00 00 00 00 00 00 00 59 00 61 00 D8 
 02 6F 00 00 FF E9 03 01 0A 00 00 00 FF FF 00 00 00 FF E9 00 00 00 00 00 00 00 00 00 00 00 00 00 00 00 58 00 62 00 D8 
 02 6F 00 00 FF E9 03 01 0A 00 00 00 FF FF 00 00 00 FF E9 00 00 00 00 00 00 00 00 00 00 00 00 00 00 00 57 00 60 00 D5 
 02 6F 00 00 FF E9 03 01 0A 00 00 00 FF FF 00 00 00 FF E9 00 00 00 00 00 00 00 00 00 00 00 00 00 00 00 59 00 60 00 D7 
 02 6F 00 00 FF E9 03 01 0A 00 00 00 FF FF 00 00 00 FF E9 00 00 00 00 00 00 00 00 00 00 00 00 00 00 00 57 00 60 00 D5 
 02 6F 00 00 FF E9 03 01 0A 00 00 00 FF FF 00 00 00 FF E9 00 00 00 00 00 00 00 00 00 02 00 00 00 00 00 58 00 62 00 DA 
 02 6F 00 00 FF E9 03 01 0A 00 00 00 FF FF 00 00 00 FF E9 00 00 00 00 00 00 00 00 00 00 00 00 00 00 00 57 00 5F 00 D4 
 02 6F 00 00 FF E9 03 01 0A 00 00 00 FF FF 00 00 00 FF E9 00 00 00 00 00 00 00 00 00 00 00 00 00 00 00 5A 00 61 00 D9 
 02 6F 00 00 FF E9 03 01 0A 00 00 00 FF FF 00 00 00 FF E9 00 00 00 00 00 00 00 00 00 00 00 00 00 00 00 57 00 61 00 D6 
 02 6F 00 00 FF E9 03 01 0A 00 00 00 FF FF 00 00 00 FF E9 00 00 00 00 00 00 00 00 00 00 00 00 00 00 00 59 00 62 00 D9 
 02 6F 00 00 FF E9 03 01 0A 00 00 00 FF FF 00 00 00 FF E9 00 00 00 00 00 00 00 00 00 00 00 00 00 00 00 5B 00 61 00 DA 
 02 6F 00 00 FF E9 03 01 0A 00 00 00 FF FF 00 00 00 FF E9 00 00 00 00 00 00 00 00 00 00 00 00 00 00 00 59 00 62 00 D9 
 02 6F 00 00 FF E9 03 01 0A 00 00 00 FF FF 00 00 00 FF E9 00 00 00 00 00 00 00 00 00 00 00 00 00 00 00 58 00 5F 00 D5 
 02 6F 00 00 FF E9 03 01 0A 00 00 00 FF FF 00 00 00 FF E9 00 00 00 00 00 00 00 00 00 00 00 00 00 00 00 59 00 64 00 DB 
 02 6F 00 00 FF E9 03 01 0A 00 00 00 FF FF 00 00 00 FF E9 00 00 00 00 00 00 00 00 00 00 00 00 00 00 00 57 00 5F 00 D4 
 02 6F 00 00 FF E9 03 01 0A 00 00 00 FF FF 00 00 00 FF E9 00 00 00 00 00 00 00 00 00 00 00 00 00 00 00 58 00 62 00 D8 
 02 6F 00 00 FF E9 03 01 0A 00 00 00 FF FF 00 00 00 FF E9 00 00 00 00 00 00 00 00 00 00 00 00 00 00 00 5A 00 5F 00 D7 
 02 6F 00 00 FF E9 03 01 0A 00 00 00 FF FF 00 00 00 FF E9 00 00 00 00 00 00 00 00 00 01 00 00 00 00 00 57 00 62 00 D8 
 02 6F 00 00 FF E9 03 01 0A 00 00 00 FF FF 00 00 00 FF E9 00 00 00 00 00 00 00 00 00 00 00 00 00 00 00 59 00 61 00 D8 
 02 6F 00 00 FF E9 03 01 0A 00 00 00 FF FF 00 00 00 FF E9 00 00 00 00 00 00 00 00 00 00 00 00 00 00 00 56 00 61 00 D5 
 02 6F 00 00 FF E9 03 01 0A 00 00 00 FF FF 00 00 00 FF E9 00 00 00 00 00 00 00 00 00 00 00 00 00 00 00 58 00 61 00 D7 
 02 6F 00 00 FF E9 03 01 0A 00 00 00 FF FF 00 00 00 FF E9 00 00 00 00 00 00 00 00 00 01 00 00 00 00 00 58 00 62 00 D9 
 02 6F 00 00 FF E9 03 01 0A 00 00 00 FF FF 00 00 00 FF E9 00 00 00 00 00 00 00 00 00 00 00 00 00 00 00 58 00 60 00 D6 
 02 6F 00 00 FF E9 03 01 0A 00 00 00 FF FF 00 00 00 FF E9 00 00 00 00 00 00 00 00 00 00 00 00 00 00 00 58 00 61 00 D7 
 02 6F 00 00 FF E9 03 01 0A 00 00 00 FF FF 00 00 00 FF E9 00 00 00 00 00 00 00 00 00 00 00 00 00 00 00 5B 00 64 00 DD 
 02 6F 00 00 FF E9 03 01 0A 00 00 00 FF FF 00 00 00 FF E9 00 00 00 00 00 00 00 00 00 00 00 00 00 00 00 59 00 62 00 D9 
 02 6F 00 00 FF E9 03 01 0A 00 00 00 FF FF 00 00 00 FF E9 00 00 00 00 00 00 00 00 00 00 00 00 00 00 00 59 00 5E 00 D5 
 02 6F 00 00 FF E9 03 01 0A 00 00 00 FF FF 00 00 00 FF E9 00 00 00 00 00 00 00 00 00 00 00 00 00 00 00 57 00 60 00 D5 
 02 6F 00 00 FF E9 03 01 0A 00 00 00 FF FF 00 00 00 FF E9 00 00 00 00 00 00 00 00 00 00 00 00 00 00 00 5A 00 61 00 D9 
 02 6F 00 00 FF E9 03 01 0A 00 00 00 FF FF 00 00 00 FF E9 00 00 00 00 00 00 00 00 00 00 00 00 00 00 00 5A 00 5E 00 D6 
 02 6F 00 00 FF E9 03 01 0A 00 00 00 FF FF 00 00 00 FF E9 00 00 00 00 00 00 00 00 00 00 00 00 00 00 00 59 00 5F 00 D6 
 02 6F 00 00 FF E9 03 01 0A 00 00 00 FF FF 00 00 00 FF E9 00 00 00 00 00 00 00 00 00 00 00 00 00 00 00 5D 00 67 00 E2 
 02 6F 00 00 FF E9 03 01 0A 00 00 00 FF FF 00 00 00 FF E9 00 00 00 00 00 00 00 00 00 01 00 00 00 00 00 57 00 5F 00 D5 
 02 6F 00 00 FF E9 03 01 0A 00 00 00 FF FF 00 00 00 FF E9 00 00 00 00 00 00 00 00 00 00 00 00 00 00 00 55 00 59 00 CC 
 02 6F 00 00 FF E9 03 01 0A 00 00 00 FF FF 00 00 00 FF E9 00 00 00 00 00 00 00 00 00 00 00 00 00 00 00 5B 00 63 00 DC 
 02 6F 00 00 FF E9 03 01 0A 00 00 00 FF FF 00 00 00 FF E9 00 00 00 00 00 00 00 00 00 00 00 00 00 00 00 57 00 5E 00 D3 
 02 6F 00 00 FF E9 03 01 0A 00 00 00 FF FF 00 00 00 FF E9 00 00 00 00 00 00 00 00 00 02 00 00 00 00 00 58 00 62 00 DA 
 02 6F 00 00 FF E9 03 01 0A 00 00 00 FF FF 00 00 00 FF E9 00 00 00 00 00 00 00 00 00 00 00 00 00 00 00 56 00 63 00 D7 
 02 6F 00 00 FF E9 03 01 0A 00 00 00 FF FF 00 00 00 FF E9 00 00 00 00 00 00 00 00 00 00 00 00 00 00 00 5B 00 62 00 DB 
 02 6F 00 00 FF E9 03 01 0A 00 00 00 FF FF 00 00 00 FF E9 00 00 00 00 00 00 00 00 00 00 00 00 00 00 00 56 00 5F 00 D3 
 02 6F 00 00 FF E9 03 01 0A 00 00 00 FF FF 00 00 00 FF E9 00 00 00 00 00 00 00 00 00 00 00 00 00 00 00 56 00 5F 00 D3 
 02 6F 00 00 FF E9 03 01 0A 00 00 00 FF FF 00 00 00 FF E9 00 00 00 00 00 00 00 00 00 00 00 00 00 00 00 58 00 5F 00 D5 
 02 6F 00 00 FF E9 03 01 0A 00 00 00 FF FF 00 00 00 FF E9 00 00 00 00 00 00 00 00 00 00 00 00 00 00 00 57 00 5E 00 D3 
 02 6F 00 00 FF E9 03 01 0A 00 00 00 FF FF 00 00 00 FF E9 00 00 00 00 00 00 00 00 00 00 00 00 00 00 00 56 00 5F 00 D3 
 02 6F 00 00 FF E9 03 01 0A 00 00 00 FF FF 00 00 00 FF E9 00 00 00 00 00 00 00 00 00 01 00 00 00 00 00 58 00 62 00 D9 
 02 6F 00 00 FF E9 03 01 0A 00 00 00 FF FF 00 00 00 FF E9 00 00 00 00 00 00 00 00 00 01 00 00 00 00 00 5A 00 61 00 DA 
 02 6F 00 00 FF E9 03 01 0A 00 00 00 FF FF 00 00 00 FF E9 00 00 00 00 00 00 00 00 00 00 00 00 00 00 00 58 00 5F 00 D5 
 02 6F 00 00 FF E9 03 01 0A 00 00 00 FF FF 00 00 00 FF E9 00 00 00 00 00 00 00 00 00 00 00 00 00 00 00 59 00 5F 00 D6 
 02 6F 00 00 FF E9 03 01 0A 00 00 00 FF FF 00 00 00 FF E9 00 00 00 00 00 00 00 00 00 00 00 00 00 00 00 59 00 5F 00 D6 
 02 6F 00 00 FF E9 03 01 0A 00 00 00 FF FF 00 00 00 FF E9 00 00 00 00 00 00 00 00 00 03 00 00 00 00 00 58 00 5F 00 D8 
 02 6F 00 00 FF E9 03 01 0A 00 00 00 FF FF 00 00 00 FF E9 00 00 00 00 00 00 00 00 00 00 00 00 00 00 00 57 00 67 00 DC 
 02 6F 00 00 FF E9 03 01 0A 00 00 00 FF FF 00 00 00 FF E9 00 00 00 00 00 00 00 00 00 00 00 00 00 00 00 58 00 61 00 D7 
 02 6F 00 00 FF E9 03 01 0A 00 00 00 FF FF 00 00 00 FF E9 00 00 00 00 00 00 00 00 00 00 00 00 00 00 00 59 00 62 00 D9 
 02 6F 00 00 FF E9 03 01 0A 00 00 00 FF FF 00 00 00 FF E9 00 00 00 00 00 00 00 00 00 00 00 00 00 00 00 5A 00 62 00 DA 
 02 6F 00 00 FF E9 03 01 0A 00 00 00 FF FF 00 00 00 FF E9 00 00 00 00 00 00 00 00 00 00 00 00 00 00 00 58 00 61 00 D7 
 02 6F 00 00 FF E9 03 01 0A 00 00 00 FF FF 00 00 00 FF E9 00 00 00 00 00 00 00 00 00 00 00 00 00 00 00 55 00 5F 00 D2 
 02 6F 00 00 FF E9 03 01 0A 00 00 00 FF FF 00 00 00 FF E9 00 00 00 00 00 00 00 00 00 00 00 00 00 00 00 58 00 5F 00 D5 
 02 6F 00 00 FF E9 03 01 0A 00 00 00 FF FF 00 00 00 FF E9 00 00 00 00 00 00 00 00 00 00 00 00 00 00 00 57 00 64 00 D9 
 02 6F 00 00 FF E9 03 01 0A 00 00 00 FF FF 00 00 00 FF E9 00 00 00 00 00 00 00 00 00 02 00 00 00 00 00 59 00 61 00 DA 
 02 6F 00 00 FF E9 03 01 0A 00 00 00 FF FF 00 00 00 FF E9 00 00 00 00 00 00 00 00 00 00 00 00 00 00 00 57 00 61 00 D6 
 02 6F 00 00 FF E9 03 01 0A 00 00 00 FF FF 00 00 00 FF E9 00 00 00 00 00 00 00 00 00 02 00 00 00 00 00 58 00 60 00 D8 
 02 6F 00 00 FF E9 03 01 0A 00 00 00 FF FF 00 00 00 FF E9 00 00 00 00 00 00 00 00 00 01 00 00 00 00 00 5A 00 61 00 DA 
 02 6F 00 00 FF E9 03 01 0A 00 00 00 FF FF 00 00 00 FF E9 00 00 00 00 00 00 00 00 00 02 00 00 00 00 00 5A 00 61 00 DB 
 02 6F 00 00 FF E9 03 01 0A 00 00 00 FF FF 00 00 00 FF E9 00 00 00 00 00 00 00 00 00 00 00 00 00 00 00 57 00 5F 00 D4 
 02 6F 00 00 FF E9 03 01 0A 00 00 00 FF FF 00 00 00 FF E9 00 00 00 00 00 00 00 00 00 01 00 00 00 00 00 57 00 5F 00 D5 
 02 6F 00 00 FF E9 03 01 0A 00 00 00 FF FF 00 00 00 FF E9 00 00 00 00 00 00 00 00 00 00 00 00 00 00 00 5A 00 61 00 D9 
 02 6F 00 00 FF E9 03 01 0A 00 00 00 FF FF 00 00 00 FF E9 00 00 00 00 00 00 00 00 00 04 00 00 00 00 00 59 00 61 00 DC 
 02 6F 00 00 FF E9 03 01 0A 00 00 00 FF FF 00 00 00 FF E9 00 00 00 00 00 00 00 00 00 00 00 00 00 00 00 58 00 60 00 D6 
 02 6F 00 00 FF E9 03 01 0A 00 00 00 FF FF 00 00 00 FF E9 00 00 00 00 00 00 00 00 00 00 00 00 00 00 00 57 00 62 00 D7 
 02 6F 00 00 FF E9 03 01 0A 00 00 00 FF FF 00 00 00 FF E9 00 00 00 00 00 00 00 00 00 00 00 00 00 00 00 57 00 5F 00 D4 
 02 6F 00 00 FF E9 03 01 0A 00 00 00 FF FF 00 00 00 FF E9 00 00 00 00 00 00 00 00 00 00 00 00 00 00 00 5A 00 64 00 DC 
 02 6F 00 00 FF E9 03 01 0A 00 00 00 FF FF 00 00 00 FF E9 00 00 00 00 00 00 00 00 00 00 00 00 00 00 00 57 00 63 00 D8 
 02 6F 00 00 FF E9 03 01 0A 00 00 00 FF FF 00 00 00 FF E9 00 00 00 00 00 00 00 00 00 00 00 00 00 00 00 59 00 61 00 D8 
 02 6F 00 00 FF E9 03 01 0A 00 00 00 FF FF 00 00 00 FF E9 00 00 00 00 00 00 00 00 00 00 00 00 00 00 00 58 00 61 00 D7 
 02 6F 00 00 FF E9 03 01 0A 00 00 00 FF FF 00 00 00 FF E9 00 00 00 00 00 00 00 00 00 00 00 00 00 00 00 5C 00 63 00 DD 
 02 6F 00 00 FF E9 03 01 0A 00 00 00 FF FF 00 00 00 FF E9 00 00 00 00 00 00 00 00 00 01 00 00 00 00 00 57 00 61 00 D7 
 02 6F 00 00 FF E9 03 01 0A 00 00 00 FF FF 00 00 00 FF E9 00 00 00 00 00 00 00 00 00 01 00 00 00 00 00 59 00 5E 00 D6 
 02 6F 00 00 FF E9 03 01 0A 00 00 00 FF FF 00 00 00 FF E9 00 00 00 00 00 00 00 00 00 00 00 00 00 00 00 58 00 60 00 D6 
 02 6F 00 00 FF E9 03 01 0A 00 00 00 FF FF 00 00 00 FF E9 00 00 00 00 00 00 00 00 00 01 00 00 00 00 00 57 00 5E 00 D4 
 02 6F 00 00 FF E9 03 01 0A 00 00 00 FF FF 00 00 00 FF E9 00 00 00 00 00 00 00 00 00 00 00 00 00 00 00 59 00 65 00 DC 
 02 6F 00 00 FF E9 03 01 0A 00 00 00 FF FF 00 00 00 FF E9 00 00 00 00 00 00 00 00 00 00 00 00 00 00 00 58 00 60 00 D6 
 02 6F 00 00 FF E9 03 01 0A 00 00 00 FF FF 00 00 00 FF E9 00 00 00 00 00 00 00 00 00 00 00 00 00 00 00 56 00 61 00 D5 
 02 6F 00 00 FF E9 03 01 0A 00 00 00 FF FF 00 00 00 FF E9 00 00 00 00 00 00 00 00 00 00 00 00 00 00 00 57 00 5D 00 D2 
 02 6F 00 00 FF E9 03 01 0A 00 00 00 FF FF 00 00 00 FF E9 00 00 00 00 00 00 00 00 00 00 00 00 00 00 00 58 00 5F 00 D5 
 02 6F 00 00 FF E9 03 01 0A 00 00 00 FF FF 00 00 00 FF E9 00 00 00 00 00 00 00 00 00 01 00 00 00 00 00 56 00 61 00 D6 
 02 6F 00 00 FF E9 03 01 0A 00 00 00 FF FF 00 00 00 FF E9 00 00 00 00 00 00 00 00 00 00 00 00 00 00 00 5B 00 5F 00 D8 
 02 6F 00 00 FF E9 03 01 0A 00 00 00 FF FF 00 00 00 FF E9 00 00 00 00 00 00 00 00 00 00 00 00 00 00 00 57 00 5D 00 D2 
 02 6F 00 00 FF E9 03 01 0A 00 00 00 FF FF 00 00 00 FF E9 00 00 00 00 00 00 00 00 00 00 00 00 00 00 00 58 00 61 00 D7 
 02 6F 00 00 FF E9 03 01 0A 00 00 00 FF FF 00 00 00 FF E9 00 00 00 00 00 00 00 00 00 00 00 00 00 00 00 58 00 60 00 D6 
 02 6F 00 00 FF E9 03 01 0A 00 00 00 FF FF 00 00 00 FF E9 00 00 00 00 00 00 00 00 00 01 00 00 00 00 00 58 00 5F 00 D6 
 02 6F 00 00 FF E9 03 01 0A 00 00 00 FF FF 00 00 00 FF E9 00 00 00 00 00 00 00 00 00 00 00 00 00 00 00 5B 00 61 00 DA 
 02 6F 00 00 FF E9 03 01 0A 00 00 00 FF FF 00 00 00 FF E9 00 00 00 00 00 00 00 00 00 00 00 00 00 00 00 59 00 61 00 D8 
 02 6F 00 00 FF E9 03 01 0A 00 00 00 FF FF 00 00 00 FF E9 00 00 00 00 00 00 00 00 00 00 00 00 00 00 00 59 00 5F 00 D6 
 02 6F 00 00 FF E9 03 01 0A 00 00 00 FF FF 00 00 00 FF E9 00 00 00 00 00 00 00 00 00 00 00 00 00 00 00 57 00 62 00 D7 
 02 6F 00 00 FF E9 03 01 0A 00 00 00 FF FF 00 00 00 FF E9 00 00 00 00 00 00 00 00 00 00 00 00 00 00 00 58 00 61 00 D7 
 02 6F 00 00 FF E9 03 01 0A 00 00 00 FF FF 00 00 00 FF E9 00 00 00 00 00 00 00 00 00 00 00 00 00 00 00 56 00 64 00 D8 
 02 6F 00 00 FF E9 03 01 0A 00 00 00 FF FF 00 00 00 FF E9 00 00 00 00 00 00 00 00 00 00 00 00 00 00 00 58 00 60 00 D6 
 02 6F 00 00 FF E9 03 01 0A 00 00 00 FF FF 00 00 00 FF E9 00 00 00 00 00 00 00 00 00 00 00 00 00 00 00 59 00 62 00 D9 
 02 6F 00 00 FF E9 03 01 0A 00 00 00 FF FF 00 00 00 FF E9 00 00 00 00 00 00 00 00 00 00 00 00 00 00 00 58 00 63 00 D9 
 02 6F 00 00 FF E9 03 01 0A 00 00 00 FF FF 00 00 00 FF E9 00 00 00 00 00 00 00 00 00 00 00 00 00 00 00 58 00 62 00 D8 
 02 6F 00 00 FF E9 03 01 0A 00 00 00 FF FF 00 00 00 FF E9 00 00 00 00 00 00 00 00 00 00 00 00 00 00 00 57 00 64 00 D9 
 02 6F 00 00 FF E9 03 01 0A 00 00 00 FF FF 00 00 00 FF E9 00 00 00 00 00 00 00 00 00 00 00 00 00 00 00 56 00 64 00 D8 
 02 6F 00 00 FF E9 03 01 0A 00 00 00 FF FF 00 00 00 FF E9 00 00 00 00 00 00 00 00 00 00 00 00 00 00 00 57 00 5D 00 D2 
 02 6F 00 00 FF E9 03 01 0A 00 00 00 FF FF 00 00 00 FF E9 00 00 00 00 00 00 00 00 00 02 00 00 00 00 00 58 00 61 00 D9 
 02 6F 00 00 FF E9 03 01 0A 00 00 00 FF FF 00 00 00 FF E9 00 00 00 00 00 00 00 00 00 02 00 00 00 00 00 59 00 61 00 DA 
 02 6F 00 00 FF E9 03 01 0A 00 00 00 FF FF 00 00 00 FF E9 00 00 00 00 00 00 00 00 00 00 00 00 00 00 00 56 00 61 00 D5 
 02 6F 00 00 FF E9 03 01 0A 00 00 00 FF FF 00 00 00 FF E9 00 00 00 00 00 00 00 00 00 01 00 00 00 00 00 5A 00 63 00 DC 
 02 6F 00 00 FF E9 03 01 0A 00 00 00 FF FF 00 00 00 FF E9 00 00 00 00 00 00 00 00 00 00 00 00 00 00 00 58 00 61 00 D7 
 02 6F 00 00 FF E9 03 01 0A 00 00 00 FF FF 00 00 00 FF E9 00 00 00 00 00 00 00 00 00 00 00 00 00 00 00 58 00 5E 00 D4 
 02 6F 00 00 FF E9 03 01 0A 00 00 00 FF FF 00 00 00 FF E9 00 00 00 00 00 00 00 00 00 00 00 00 00 00 00 55 00 5F 00 D2 
 02 6F 00 00 FF E9 03 01 0A 00 00 00 FF FF 00 00 00 FF E9 00 00 00 00 00 00 00 00 00 00 00 00 00 00 00 57 00 5D 00 D2 
 02 6F 00 00 FF E9 03 01 0A 00 00 00 FF FF 00 00 00 FF E9 00 00 00 00 00 00 00 00 00 00 00 00 00 00 00 58 00 61 00 D7 
 02 6F 00 00 FF E9 03 01 0A 00 00 00 FF FF 00 00 00 FF E9 00 00 00 00 00 00 00 00 00 00 00 00 00 00 00 57 00 61 00 D6 
 02 6F 00 00 FF E9 03 01 0A 00 00 00 FF FF 00 00 00 FF E9 00 00 00 00 00 00 00 00 00 00 00 00 00 00 00 57 00 61 00 D6 
 02 6F 00 00 FF E9 03 01 0A 00 00 00 FF FF 00 00 00 FF E9 00 00 00 00 00 00 00 00 00 00 00 00 00 00 00 59 00 61 00 D8 
 02 6F 00 00 FF E9 03 01 0A 00 00 00 FF FF 00 00 00 FF E9 00 00 00 00 00 00 00 00 00 00 00 00 00 00 00 58 00 5F 00 D5 
 02 6F 00 00 FF E9 03 01 0A 00 00 00 FF FF 00 00 00 FF E9 00 00 00 00 00 00 00 00 00 00 00 00 00 00 00 59 00 62 00 D9 
 02 6F 00 00 FF E9 03 01 0A 00 00 00 FF FF 00 00 00 FF E9 00 00 00 00 00 00 00 00 00 00 00 00 00 00 00 58 00 61 00 D7 
 02 6F 00 00 FF E9 03 01 0A 00 00 00 FF FF 00 00 00 FF E9 00 00 00 00 00 00 00 00 00 00 00 00 00 00 00 56 00 5F 00 D3 
 02 6F 00 00 FF E9 03 01 0A 00 00 00 FF FF 00 00 00 FF E9 00 00 00 00 00 00 00 00 00 00 00 00 00 00 00 58 00 62 00 D8 
 02 6F 00 00 FF E9 03 01 0A 00 00 00 FF FF 00 00 00 FF E9 00 00 00 00 00 00 00 00 00 00 00 00 00 00 00 5A 00 63 00 DB 
 02 6F 00 00 FF E9 03 01 0A 00 00 00 FF FF 00 00 00 FF E9 00 00 00 00 00 00 00 00 00 00 00 00 00 00 00 57 00 62 00 D7 
 02 6F 00 00 FF E9 03 01 0A 00 00 00 FF FF 00 00 00 FF E9 00 00 00 00 00 00 00 00 00 00 00 00 00 00 00 58 00 5F 00 D5 
 02 6F 00 00 FF E9 03 01 0A 00 00 00 FF FF 00 00 00 FF E9 00 00 00 00 00 00 00 00 00 00 00 00 00 00 00 57 00 5F 00 D4 
 02 6F 00 00 FF E9 03 01 0A 00 00 00 FF FF 00 00 00 FF E9 00 00 00 00 00 00 00 00 00 00 00 00 00 00 00 59 00 62 00 D9 
 02 6F 00 00 FF E9 03 01 0A 00 00 00 FF FF 00 00 00 FF E9 00 00 00 00 00 00 00 00 00 00 00 00 00 00 00 5A 00 62 00 DA 
 02 6F 00 00 FF E9 03 01 0A 00 00 00 FF FF 00 00 00 FF E9 00 00 00 00 00 00 00 00 00 00 00 00 00 00 00 55 00 61 00 D4 
 02 6F 00 00 FF E9 03 01 0A 00 00 00 FF FF 00 00 00 FF E9 00 00 00 00 00 00 00 00 00 00 00 00 00 00 00 57 00 60 00 D5 
 02 6F 00 00 FF E9 03 01 0A 00 00 00 FF FF 00 00 00 FF E9 00 00 00 00 00 00 00 00 00 00 00 00 00 00 00 57 00 61 00 D6 
 02 6F 00 00 FF E9 03 01 0A 00 00 00 FF FF 00 00 00 FF E9 00 00 00 00 00 00 00 00 00 00 00 00 00 00 00 58 00 63 00 D9 
 02 6F 00 00 FF E9 03 01 0A 00 00 00 FF FF 00 00 00 FF E9 00 00 00 00 00 00 00 00 00 00 00 00 00 00 00 58 00 62 00 D8 
 02 6F 00 00 FF E9 03 01 0A 00 00 00 FF FF 00 00 00 FF E9 00 00 00 00 00 00 00 00 00 00 00 00 00 00 00 56 00 5E 00 D2 
 02 6F 00 00 FF E9 03 01 0A 00 00 00 FF FF 00 00 00 FF E9 00 00 00 00 00 00 00 00 00 00 00 00 00 00 00 57 00 60 00 D5 
 02 6F 00 00 FF E9 03 01 0A 00 00 00 FF FF 00 00 00 FF E9 00 00 00 00 00 00 00 00 00 01 00 00 00 00 00 56 00 5F 00 D4 
 02 6F 00 00 FF E9 03 01 0A 00 00 00 FF FF 00 00 00 FF E9 00 00 00 00 00 00 00 00 00 00 00 00 00 00 00 5A 00 63 00 DB 
 02 6F 00 00 FF E9 03 01 0A 00 00 00 FF FF 00 00 00 FF E9 00 00 00 00 00 00 00 00 00 00 00 00 00 00 00 54 00 5D 00 CF 
 02 6F 00 00 FF E9 03 01 0A 00 00 00 FF FF 00 00 00 FF E9 00 00 00 00 00 00 00 00 00 00 00 00 00 00 00 57 00 5E 00 D3 
 02 6F 00 00 FF E9 03 01 0A 00 00 00 FF FF 00 00 00 FF E9 00 00 00 00 00 00 00 00 00 01 00 00 00 00 00 58 00 62 00 D9 
 02 6F 00 00 FF E9 03 01 0A 00 00 00 FF FF 00 00 00 FF E9 00 00 00 00 00 00 00 00 00 00 00 00 00 00 00 58 00 5F 00 D5 
 02 6F 00 00 FF E9 03 01 0A 00 00 00 FF FF 00 00 00 FF E9 00 00 00 00 00 00 00 00 00 02 00 00 00 00 00 59 00 62 00 DB 
 02 6F 00 00 FF E9 03 01 0A 00 00 00 FF FF 00 00 00 FF E9 00 00 00 00 00 00 00 00 00 01 00 00 00 00 00 59 00 62 00 DA 
 02 6F 00 00 FF E9 03 01 0A 00 00 00 FF FF 00 00 00 FF E9 00 00 00 00 00 00 00 00 00 00 00 00 00 00 00 57 00 62 00 D7 
 02 6F 00 00 FF E9 03 01 0A 00 00 00 FF FF 00 00 00 FF E9 00 00 00 00 00 00 00 00 00 00 00 00 00 00 00 56 00 5F 00 D3 
 02 6F 00 00 FF E9 03 01 0A 00 00 00 FF FF 00 00 00 FF E9 00 00 00 00 00 00 00 00 00 00 00 00 00 00 00 59 00 5D 00 D4 
 02 6F 00 00 FF E9 03 01 0A 00 00 00 FF FF 00 00 00 FF E9 00 00 00 00 00 00 00 00 00 00 00 00 00 00 00 56 00 62 00 D6 
 02 6F 00 00 FF E9 03 01 0A 00 00 00 FF FF 00 00 00 FF E9 00 00 00 00 00 00 00 00 00 00 00 00 00 00 00 56 00 5F 00 D3 
 02 6F 00 00 FF E9 03 01 0A 00 00 00 FF FF 00 00 00 FF E9 00 00 00 00 00 00 00 00 00 00 00 00 00 00 00 58 00 61 00 D7 
 02 6F 00 00 FF E9 03 01 0A 00 00 00 FF FF 00 00 00 FF E9 00 00 00 00 00 00 00 00 00 01 00 00 00 00 00 58 00 61 00 D8 
 02 6F 00 00 FF E9 03 01 0A 00 00 00 FF FF 00 00 00 FF E9 00 00 00 00 00 00 00 00 00 00 00 00 00 00 00 59 00 61 00 D8 
 02 6F 00 00 FF E9 03 01 0A 00 00 00 FF FF 00 00 00 FF E9 00 00 00 00 00 00 00 00 00 00 00 00 00 00 00 5E 00 61 00 DD 
 02 6F 00 00 FF E9 03 01 0A 00 00 00 FF FF 00 00 00 FF E9 00 00 00 00 00 00 00 00 00 00 00 00 00 00 00 56 00 61 00 D5 
 02 6F 00 00 FF E9 03 01 0A 00 00 00 FF FF 00 00 00 FF E9 00 00 00 00 00 00 00 00 00 00 00 00 00 00 00 58 00 60 00 D6 
 02 6F 00 00 FF E9 03 01 0A 00 00 00 FF FF 00 00 00 FF E9 00 00 00 00 00 00 00 00 00 02 00 00 00 00 00 58 00 60 00 D8 
 02 6F 00 00 FF E9 03 01 0A 00 00 00 FF FF 00 00 00 FF E9 00 00 00 00 00 00 00 00 00 00 00 00 00 00 00 58 00 60 00 D6 
 02 6F 00 00 FF E9 03 01 0A 00 00 00 FF FF 00 00 00 FF E9 00 00 00 00 00 00 00 00 00 00 00 00 00 00 00 56 00 60 00 D4 
 02 6F 00 00 FF E9 03 01 0A 00 00 00 FF FF 00 00 00 FF E9 00 00 00 00 00 00 00 00 00 00 00 00 00 00 00 57 00 64 00 D9 
 02 6F 00 00 FF E9 03 01 0A 00 00 00 FF FF 00 00 00 FF E9 00 00 00 00 00 00 00 00 00 00 00 00 00 00 00 59 00 62 00 D9 
 02 6F 00 00 FF E9 03 01 0A 00 00 00 FF FF 00 00 00 FF E9 00 00 00 00 00 00 00 00 00 02 00 00 00 00 00 58 00 62 00 DA 
 02 6F 00 00 FF E9 03 01 0A 00 00 00 FF FF 00 00 00 FF E9 00 00 00 00 00 00 00 00 00 00 00 00 00 00 00 59 00 62 00 D9 
 02 6F 00 00 FF E9 03 01 0A 00 00 00 FF FF 00 00 00 FF E9 00 00 00 00 00 00 00 00 00 00 00 00 00 00 00 57 00 61 00 D6 
 02 6F 00 00 FF E9 03 01 0A 00 00 00 FF FF 00 00 00 FF E9 00 00 00 00 00 00 00 00 00 00 00 00 00 00 00 56 00 5F 00 D3 
 02 6F 00 00 FF E9 03 01 0A 00 00 00 FF FF 00 00 00 FF E9 00 00 00 00 00 00 00 00 00 00 00 00 00 00 00 56 00 5F 00 D3 
 02 6F 00 00 FF E9 03 01 0A 00 00 00 FF FF 00 00 00 FF E9 00 00 00 00 00 00 00 00 00 01 00 00 00 00 00 5A 00 62 00 DB 
 02 6F 00 00 FF E9 03 01 0A 00 00 00 FF FF 00 00 00 FF E9 00 00 00 00 00 00 00 00 00 02 00 00 00 00 00 58 00 61 00 D9 
 02 6F 00 00 FF E9 03 01 0A 00 00 00 FF FF 00 00 00 FF E9 00 00 00 00 00 00 00 00 00 00 00 00 00 00 00 56 00 5F 00 D3 
 02 6F 00 00 FF E9 03 01 0A 00 00 00 FF FF 00 00 00 FF E9 00 00 00 00 00 00 00 00 00 01 00 00 00 00 00 59 00 61 00 D9 
 02 6F 00 00 FF E9 03 01 0A 00 00 00 FF FF 00 00 00 FF E9 00 00 00 00 00 00 00 00 00 00 00 00 00 00 00 5A 00 61 00 D9 
 02 6F 00 00 FF E9 03 01 0A 00 00 00 FF FF 00 00 00 FF E9 00 00 00 00 00 00 00 00 00 02 00 00 00 00 00 59 00 62 00 DB 
 02 6F 00 00 FF E9 03 01 0A 00 00 00 FF FF 00 00 00 FF E9 00 00 00 00 00 00 00 00 00 00 00 00 00 00 00 57 00 61 00 D6 
 02 6F 00 00 FF E9 03 01 0A 00 00 00 FF FF 00 00 00 FF E9 00 00 00 00 00 00 00 00 00 00 00 00 00 00 00 58 00 5E 00 D4 
 02 6F 00 00 FF E9 03 01 0A 00 00 00 FF FF 00 00 00 FF E9 00 00 00 00 00 00 00 00 00 00 00 00 00 00 00 59 00 62 00 D9 
 02 6F 00 00 FF E9 03 01 0A 00 00 00 FF FF 00 00 00 FF E9 00 00 00 00 00 00 00 00 00 00 00 00 00 00 00 59 00 5F 00 D6 
 02 6F 00 00 FF E9 03 01 0A 00 00 00 FF FF 00 00 00 FF E9 00 00 00 00 00 00 00 00 00 00 00 00 00 00 00 58 00 63 00 D9 
 02 6F 00 00 FF E9 03 01 0A 00 00 00 FF FF 00 00 00 FF E9 00 00 00 00 00 00 00 00 00 00 00 00 00 00 00 57 00 5E 00 D3 
 02 6F 00 00 FF E9 03 01 0A 00 00 00 FF FF 00 00 00 FF E9 00 00 00 00 00 00 00 00 00 00 00 00 00 00 00 57 00 5F 00 D4 
 02 6F 00 00 FF E9 03 01 0A 00 00 00 FF FF 00 00 00 FF E9 00 00 00 00 00 00 00 00 00 00 00 00 00 00 00 5B 00 61 00 DA 
 02 6F 00 00 FF E9 03 01 0A 00 00 00 FF FF 00 00 00 FF E9 00 00 00 00 00 00 00 00 00 05 00 00 00 00 00 58 00 5F 00 DA 
 02 6F 00 00 FF E9 03 01 0A 00 00 00 FF FF 00 00 00 FF E9 00 00 00 00 00 00 00 00 00 00 00 00 00 00 00 58 00 60 00 D6 
 02 6F 00 00 FF E9 03 01 0A 00 00 00 FF FF 00 00 00 FF E9 00 00 00 00 00 00 00 00 00 00 00 00 00 00 00 58 00 60 00 D6 
 02 6F 00 00 FF E9 03 01 0A 00 00 00 FF FF 00 00 00 FF E9 00 00 00 00 00 00 00 00 00 02 00 00 00 00 00 57 00 5F 00 D6 
 02 6F 00 00 FF E9 03 01 0A 00 00 00 FF FF 00 00 00 FF E9 00 00 00 00 00 00 00 00 00 00 00 00 00 00 00 58 00 5F 00 D5 
 02 6F 00 00 FF E9 03 01 0A 00 00 00 FF FF 00 00 00 FF E9 00 00 00 00 00 00 00 00 00 00 00 00 00 00 00 58 00 60 00 D6 
 02 6F 00 00 FF E9 03 01 0A 00 00 00 FF FF 00 00 00 FF E9 00 00 00 00 00 00 00 00 00 00 00 00 00 00 00 58 00 5F 00 D5 
 02 6F 00 00 FF E9 03 01 0A 00 00 00 FF FF 00 00 00 FF E9 00 00 00 00 00 00 00 00 00 00 00 00 00 00 00 56 00 60 00 D4 
 02 6F 00 00 FF E9 03 01 0A 00 00 00 FF FF 00 00 00 FF E9 00 00 00 00 00 00 00 00 00 00 00 00 00 00 00 5A 00 62 00 DA 
 02 6F 00 00 FF E9 03 01 0A 00 00 00 FF FF 00 00 00 FF E9 00 00 00 00 00 00 00 00 00 02 00 00 00 00 00 5A 00 61 00 DB 
 02 6F 00 00 FF E9 03 01 0A 00 00 00 FF FF 00 00 00 FF E9 00 00 00 00 00 00 00 00 00 07 00 00 00 00 00 57 00 61 00 DD 
 02 6F 00 00 FF E9 03 01 0A 00 00 00 FF FF 00 00 00 FF E9 00 00 00 00 00 00 00 00 00 02 00 00 00 00 00 59 00 60 00 D9 
 02 6F 00 00 FF E9 03 01 0A 00 00 00 FF FF 00 00 00 FF E9 00 00 00 00 00 00 00 00 00 00 00 00 00 00 00 56 00 5E 00 D2 
 02 6F 00 00 FF E9 03 01 0A 00 00 00 FF FF 00 00 00 FF E9 00 00 00 00 00 00 00 00 00 00 00 00 00 00 00 58 00 62 00 D8 
 02 6F 00 00 FF E9 03 01 0A 00 00 00 FF FF 00 00 00 FF E9 00 00 00 00 00 00 00 00 00 02 00 00 00 00 00 58 00 61 00 D9 
 02 6F 00 00 FF E9 03 01 0A 00 00 00 FF FF 00 00 00 FF E9 00 00 00 00 00 00 00 00 00 00 00 00 00 00 00 59 00 5D 00 D4 
 02 6F 00 00 FF E9 03 01 0A 00 00 00 FF FF 00 00 00 FF E9 00 00 00 00 00 00 00 00 00 00 00 00 00 00 00 56 00 5F 00 D3 
 02 6F 00 00 FF E9 03 01 0A 00 00 00 FF FF 00 00 00 FF E9 00 00 00 00 00 00 00 00 00 00 00 00 00 00 00 58 00 61 00 D7 
 02 6F 00 00 FF E9 03 01 0A 00 00 00 FF FF 00 00 00 FF E9 00 00 00 00 00 00 00 00 00 00 00 00 00 00 00 59 00 5F 00 D6 
 02 6F 00 00 FF E9 03 01 0A 00 00 00 FF FF 00 00 00 FF E9 00 00 00 00 00 00 00 00 00 01 00 00 00 00 00 59 00 5F 00 D7 
 02 6F 00 00 FF E9 03 01 0A 00 00 00 FF FF 00 00 00 FF E9 00 00 00 00 00 00 00 00 00 00 00 00 00 00 00 59 00 61 00 D8 
 02 6F 00 00 FF E9 03 01 0A 00 00 00 FF FF 00 00 00 FF E9 00 00 00 00 00 00 00 00 00 00 00 00 00 00 00 54 00 5F 00 D1 
 02 6F 00 00 FF E9 03 01 0A 00 00 00 FF FF 00 00 00 FF E9 00 00 00 00 00 00 00 00 00 00 00 00 00 00 00 5A 00 60 00 D8 
 02 6F 00 00 FF E9 03 01 0A 00 00 00 FF FF 00 00 00 FF E9 00 00 00 00 00 00 00 00 00 00 00 00 00 00 00 5F 00 5F 00 DC 
 02 6F 00 00 FF E9 03 01 0A 00 00 00 FF FF 00 00 00 FF E9 00 00 00 00 00 00 00 00 00 00 00 00 00 00 00 57 00 63 00 D8 
 02 6F 00 00 FF E9 03 01 0A 00 00 00 FF FF 00 00 00 FF E9 00 00 00 00 00 00 00 00 00 00 00 00 00 00 00 58 00 61 00 D7 
 02 6F 00 00 FF E9 03 01 0A 00 00 00 FF FF 00 00 00 FF E9 00 00 00 00 00 00 00 00 00 00 00 00 00 00 00 54 00 62 00 D4 
 02 6F 00 00 FF E9 03 01 0A 00 00 00 FF FF 00 00 00 FF E9 00 00 00 00 00 00 00 00 00 00 00 00 00 00 00 56 00 60 00 D4 
 02 6F 00 00 FF E9 03 01 0A 00 00 00 FF FF 00 00 00 FF E9 00 00 00 00 00 00 00 00 00 02 00 00 00 00 00 57 00 62 00 D9 
 02 6F 00 00 FF E9 03 01 0A 00 00 00 FF FF 00 00 00 FF E9 00 00 00 00 00 00 00 00 00 02 00 00 00 00 00 58 00 60 00 D8 
 02 6F 00 00 FF E9 03 01 0A 00 00 00 FF FF 00 00 00 FF E9 00 00 00 00 00 00 00 00 00 00 00 00 00 00 00 57 00 61 00 D6 
 02 6F 00 00 FF E9 03 01 0A 00 00 00 FF FF 00 00 00 FF E9 00 00 00 00 00 00 00 00 00 00 00 00 00 00 00 57 00 5F 00 D4 
 02 6F 00 00 FF E9 03 01 0A 00 00 00 FF FF 00 00 00 FF E9 00 00 00 00 00 00 00 00 00 00 00 00 00 00 00 59 00 5F 00 D6 
 02 6F 00 00 FF E9 03 01 0A 00 00 00 FF FF 00 00 00 FF E9 00 00 00 00 00 00 00 00 00 00 00 00 00 00 00 59 00 60 00 D7 
 02 6F 00 00 FF E9 03 01 0A 00 00 00 FF FF 00 00 00 FF E9 00 00 00 00 00 00 00 00 00 00 00 00 00 00 00 5B 00 60 00 D9 
 02 6F 00 00 FF E9 03 01 0A 00 00 00 FF FF 00 00 00 FF E9 00 00 00 00 00 00 00 00 00 00 00 00 00 00 00 54 00 5F 00 D1 
 02 6F 00 00 FF E9 03 01 0A 00 00 00 FF FF 00 00 00 FF E9 00 00 00 00 00 00 00 00 00 0F 00 00 00 00 00 59 00 62 00 E8 
 02 6F 00 00 FF E9 03 01 0A 00 00 00 FF FF 00 00 00 FF E9 00 00 00 00 00 00 00 00 00 00 00 00 00 00 00 58 00 61 00 D7 
 02 6F 00 00 FF E9 03 01 0A 00 00 00 FF FF 00 00 00 FF E9 00 00 00 00 00 00 00 00 00 00 00 00 00 00 00 58 00 61 00 D7 
 02 6F 00 00 FF E9 03 01 0A 00 00 00 FF FF 00 00 00 FF E9 00 00 00 00 00 00 00 00 00 00 00 00 00 00 00 57 00 5D 00 D2 
 02 6F 00 00 FF E9 03 01 0A 00 00 00 FF FF 00 00 00 FF E9 00 00 00 00 00 00 00 00 00 00 00 00 00 00 00 5B 00 60 00 D9 
 02 6F 00 00 FF E9 03 01 0A 00 00 00 FF FF 00 00 00 FF E9 00 00 00 00 00 00 00 00 00 00 00 00 00 00 00 58 00 5F 00 D5 
 02 6F 00 00 FF E9 03 01 0A 00 00 00 FF FF 00 00 00 FF E9 00 00 00 00 00 00 00 00 00 00 00 00 00 00 00 5A 00 60 00 D8 
 02 6F 00 00 FF E9 03 01 0A 00 00 00 FF FF 00 00 00 FF E9 00 00 00 00 00 00 00 00 00 00 00 00 00 00 00 58 00 5F 00 D5 
 02 6F 00 00 FF E9 03 01 0A 00 00 00 FF FF 00 00 00 FF E9 00 00 00 00 00 00 00 00 00 00 00 00 00 00 00 56 00 5F 00 D3 
 02 6F 00 00 FF E9 03 01 0A 00 00 00 FF FF 00 00 00 FF E9 00 00 00 00 00 00 00 00 00 00 00 00 00 00 00 59 00 60 00 D7 
 02 6F 00 00 FF E9 03 01 0A 00 00 00 FF FF 00 00 00 FF E9 00 00 00 00 00 00 00 00 00 00 00 00 00 00 00 5B 00 60 00 D9 
 02 6F 00 00 FF E9 03 01 0A 00 00 00 FF FF 00 00 00 FF E9 00 00 00 00 00 00 00 00 00 01 00 00 00 00 00 5A 00 62 00 DB 
 02 6F 00 00 FF E9 03 01 0A 00 00 00 FF FF 00 00 00 FF E9 00 00 00 00 00 00 00 00 00 02 00 00 00 00 00 5A 00 62 00 DC 
 02 6F 00 00 FF E9 03 01 0A 00 00 00 FF FF 00 00 00 FF E9 00 00 00 00 00 00 00 00 00 00 00 00 00 00 00 56 00 5F 00 D3 
 02 6F 00 00 FF E9 03 01 0A 00 00 00 FF FF 00 00 00 FF E9 00 00 00 00 00 00 00 00 00 00 00 00 00 00 00 59 00 5F 00 D6 
 02 6F 00 00 FF E9 03 01 0A 00 00 00 FF FF 00 00 00 FF E9 00 00 00 00 00 00 00 00 00 00 00 00 00 00 00 5A 00 61 00 D9 
 02 6F 00 00 FF E9 03 01 0A 00 00 00 FF FF 00 00 00 FF E9 00 00 00 00 00 00 00 00 00 00 00 00 00 00 00 56 00 61 00 D5 
 02 6F 00 00 FF E9 03 01 0A 00 00 00 FF FF 00 00 00 FF E9 00 00 00 00 00 00 00 00 00 00 00 00 00 00 00 58 00 63 00 D9 
 02 6F 00 00 FF E9 03 01 0A 00 00 00 FF FF 00 00 00 FF E9 00 00 00 00 00 00 00 00 00 00 00 00 00 00 00 5B 00 62 00 DB 
 02 6F 00 00 FF E9 03 01 0A 00 00 00 FF FF 00 00 00 FF E9 00 00 00 00 00 00 00 00 00 00 00 00 00 00 00 57 00 61 00 D6 
 02 6F 00 00 FF E9 03 01 0A 00 00 00 FF FF 00 00 00 FF E9 00 00 00 00 00 00 00 00 00 02 00 00 00 00 00 58 00 61 00 D9 
 02 6F 00 00 FF E9 03 01 0A 00 00 00 FF FF 00 00 00 FF E9 00 00 00 00 00 00 00 00 00 00 00 00 00 00 00 58 00 62 00 D8 
 02 6F 00 00 FF E9 03 01 0A 00 00 00 FF FF 00 00 00 FF E9 00 00 00 00 00 00 00 00 00 00 00 00 00 00 00 58 00 62 00 D8 
 02 6F 00 00 FF E9 03 01 0A 00 00 00 FF FF 00 00 00 FF E9 00 00 00 00 00 00 00 00 00 00 00 00 00 00 00 5A 00 62 00 DA 
 02 6F 00 00 FF E9 03 01 0A 00 00 00 FF FF 00 00 00 FF E9 00 00 00 00 00 00 00 00 00 01 00 00 00 00 00 58 00 5F 00 D6 
 02 6F 00 00 FF E9 03 01 0A 00 00 00 FF FF 00 00 00 FF E9 00 00 00 00 00 00 00 00 00 01 00 00 00 00 00 5A 00 62 00 DB 
 02 6F 00 00 FF E9 03 01 0A 00 00 00 FF FF 00 00 00 FF E9 00 00 00 00 00 00 00 00 00 00 00 00 00 00 00 57 00 5F 00 D4 
 02 6F 00 00 FF E9 03 01 0A 00 00 00 FF FF 00 00 00 FF E9 00 00 00 00 00 00 00 00 00 01 00 00 00 00 00 58 00 5F 00 D6 
 02 6F 00 00 FF E9 03 01 0A 00 00 00 FF FF 00 00 00 FF E9 00 00 00 00 00 00 00 00 00 00 00 00 00 00 00 58 00 5F 00 D5 
 02 6F 00 00 FF E9 03 01 0A 00 00 00 FF FF 00 00 00 FF E9 00 00 00 00 00 00 00 00 00 00 00 00 00 00 00 58 00 5F 00 D5 
 02 6F 00 00 FF E9 03 01 0A 00 00 00 FF FF 00 00 00 FF E9 00 00 00 00 00 00 00 00 00 00 00 00 00 00 00 59 00 62 00 D9 
 02 6F 00 00 FF E9 03 01 0A 00 00 00 FF FF 00 00 00 FF E9 00 00 00 00 00 00 00 00 00 00 00 00 00 00 00 56 00 5D 00 D1 
 02 6F 00 00 FF E9 03 01 0A 00 00 00 FF FF 00 00 00 FF E9 00 00 00 00 00 00 00 00 00 00 00 00 00 00 00 5B 00 5F 00 D8 
 02 6F 00 00 FF E9 03 01 0A 00 00 00 FF FF 00 00 00 FF E9 00 00 00 00 00 00 00 00 00 00 00 00 00 00 00 58 00 62 00 D8 
 02 6F 00 00 FF E9 03 01 0A 00 00 00 FF FF 00 00 00 FF E9 00 00 00 00 00 00 00 00 00 00 00 00 00 00 00 58 00 5D 00 D3 
 02 6F 00 00 FF E9 03 01 0A 00 00 00 FF FF 00 00 00 FF E9 00 00 00 00 00 00 00 00 00 00 00 00 00 00 00 58 00 61 00 D7 
 02 6F 00 00 FF E9 03 01 0A 00 00 00 FF FF 00 00 00 FF E9 00 00 00 00 00 00 00 00 00 00 00 00 00 00 00 56 00 5D 00 D1 
 02 6F 00 00 FF E9 03 01 0A 00 00 00 FF FF 00 00 00 FF E9 00 00 00 00 00 00 00 00 00 00 00 00 00 00 00 57 00 60 00 D5 
 02 6F 00 00 FF E9 03 01 0A 00 00 00 FF FF 00 00 00 FF E9 00 00 00 00 00 00 00 00 00 00 00 00 00 00 00 5A 00 5F 00 D7 
 02 6F 00 00 FF E9 03 01 0A 00 00 00 FF FF 00 00 00 FF E9 00 00 00 00 00 00 00 00 00 00 00 00 00 00 00 57 00 5F 00 D4 
 02 6F 00 00 FF E9 03 01 0A 00 00 00 FF FF 00 00 00 FF E9 00 00 00 00 00 00 00 00 00 00 00 00 00 00 00 56 00 61 00 D5 
 02 6F 00 00 FF E9 03 01 0A 00 00 00 FF FF 00 00 00 FF E9 00 00 00 00 00 00 00 00 00 00 00 00 00 00 00 56 00 61 00 D5 
 02 6F 00 00 FF E9 03 01 0A 00 00 00 FF FF 00 00 00 FF E9 00 00 00 00 00 00 00 00 00 00 00 00 00 00 00 58 00 5F 00 D5 
 02 6F 00 00 FF E9 03 01 0A 00 00 00 FF FF 00 00 00 FF E9 00 00 00 00 00 00 00 00 00 00 00 00 00 00 00 58 00 5F 00 D5 
 02 6F 00 00 FF E9 03 01 0A 00 00 00 FF FF 00 00 00 FF E9 00 00 00 00 00 00 00 00 00 00 00 00 00 00 00 59 00 5F 00 D6 
 02 6F 00 00 FF E9 03 01 0A 00 00 00 FF FF 00 00 00 FF E9 00 00 00 00 00 00 00 00 00 00 00 00 00 00 00 5B 00 65 00 DE 
 02 6F 00 00 FF E9 03 01 0A 00 00 00 FF FF 00 00 00 FF E9 00 00 00 00 00 00 00 00 00 00 00 00 00 00 00 59 00 60 00 D7 
 02 6F 00 00 FF E9 03 01 0A 00 00 00 FF FF 00 00 00 FF E9 00 00 00 00 00 00 00 00 00 00 00 00 00 00 00 58 00 60 00 D6 
 02 6F 00 00 FF E9 03 01 0A 00 00 00 FF FF 00 00 00 FF E9 00 00 00 00 00 00 00 00 00 00 00 00 00 00 00 57 00 5F 00 D4 
 02 6F 00 00 FF E9 03 01 0A 00 00 00 FF FF 00 00 00 FF E9 00 00 00 00 00 00 00 00 00 00 00 00 00 00 00 58 00 61 00 D7 
 02 6F 00 00 FF E9 03 01 0A 00 00 00 FF FF 00 00 00 FF E9 00 00 00 00 00 00 00 00 00 01 00 00 00 00 00 59 00 5F 00 D7 
 02 6F 00 00 FF E9 03 01 0A 00 00 00 FF FF 00 00 00 FF E9 00 00 00 00 00 00 00 00 00 00 00 00 00 00 00 56 00 5E 00 D2 
 02 6F 00 00 FF E9 03 01 0A 00 00 00 FF FF 00 00 00 FF E9 00 00 00 00 00 00 00 00 00 00 00 00 00 00 00 58 00 61 00 D7 
 02 6F 00 00 FF E9 03 01 0A 00 00 00 FF FF 00 00 00 FF E9 00 00 00 00 00 00 00 00 00 00 00 00 00 00 00 57 00 62 00 D7 
 02 6F 00 00 FF E9 03 01 0A 00 00 00 FF FF 00 00 00 FF E9 00 00 00 00 00 00 00 00 00 00 00 00 00 00 00 58 00 61 00 D7 
 02 6F 00 00 FF E9 03 01 0A 00 00 00 FF FF 00 00 00 FF E9 00 00 00 00 00 00 00 00 00 02 00 00 00 00 00 5A 00 62 00 DC 
 02 6F 00 00 FF E9 03 01 0A 00 00 00 FF FF 00 00 00 FF E9 00 00 00 00 00 00 00 00 00 00 00 00 00 00 00 58 00 61 00 D7 
 02 6F 00 00 FF E9 03 01 0A 00 00 00 FF FF 00 00 00 FF E9 00 00 00 00 00 00 00 00 00 00 00 00 00 00 00 59 00 63 00 DA 
 02 6F 00 00 FF E9 03 01 0A 00 00 00 FF FF 00 00 00 FF E9 00 00 00 00 00 00 00 00 00 00 00 00 00 00 00 57 00 60 00 D5 
 02 6F 00 00 FF E9 03 01 0A 00 00 00 FF FF 00 00 00 FF E9 00 00 00 00 00 00 00 00 00 00 00 00 00 00 00 58 00 62 00 D8 
 02 6F 00 00 FF E9 03 01 0A 00 00 00 FF FF 00 00 00 FF E9 00 00 00 00 00 00 00 00 00 00 00 00 00 00 00 5A 00 61 00 D9 
 02 6F 00 00 FF E9 03 01 0A 00 00 00 FF FF 00 00 00 FF E9 00 00 00 00 00 00 00 00 00 00 00 00 00 00 00 58 00 60 00 D6 
 02 6F 00 00 FF E9 03 01 0A 00 00 00 FF FF 00 00 00 FF E9 00 00 00 00 00 00 00 00 00 00 00 00 00 00 00 58 00 64 00 DA 
 02 6F 00 00 FF E9 03 01 0A 00 00 00 FF FF 00 00 00 FF E9 00 00 00 00 00 00 00 00 00 00 00 00 00 00 00 58 00 62 00 D8 
 02 6F 00 00 FF E9 03 01 0A 00 00 00 FF FF 00 00 00 FF E9 00 00 00 00 00 00 00 00 00 00 00 00 00 00 00 5B 00 62 00 DB 
 02 6F 00 00 FF E9 03 01 0A 00 00 00 FF FF 00 00 00 FF E9 00 00 00 00 00 00 00 00 00 00 00 00 00 00 00 58 00 61 00 D7 
 02 6F 00 00 FF E9 03 01 0A 00 00 00 FF FF 00 00 00 FF E9 00 00 00 00 00 00 00 00 00 00 00 00 00 00 00 56 00 5F 00 D3 
 02 6F 00 00 FF E9 03 01 0A 00 00 00 FF FF 00 00 00 FF E9 00 00 00 00 00 00 00 00 00 00 00 00 00 00 00 58 00 5F 00 D5 
 02 6F 00 00 FF E9 03 01 0A 00 00 00 FF FF 00 00 00 FF E9 00 00 00 00 00 00 00 00 00 00 00 00 00 00 00 56 00 61 00 D5 
 02 6F 00 00 FF E9 03 01 0A 00 00 00 FF FF 00 00 00 FF E9 00 00 00 00 00 00 00 00 00 02 00 00 00 00 00 59 00 62 00 DB 
 02 6F 00 00 FF E9 03 01 0A 00 00 00 FF FF 00 00 00 FF E9 00 00 00 00 00 00 00 00 00 00 00 00 00 00 00 59 00 5F 00 D6 
 02 6F 00 00 FF E9 03 01 0A 00 00 00 FF FF 00 00 00 FF E9 00 00 00 00 00 00 00 00 00 01 00 00 00 00 00 58 00 60 00 D7 
 02 6F 00 00 FF E9 03 01 0A 00 00 00 FF FF 00 00 00 FF E9 00 00 00 00 00 00 00 00 00 00 00 00 00 00 00 58 00 5F 00 D5 
 02 6F 00 00 FF E9 03 01 0A 00 00 00 FF FF 00 00 00 FF E9 00 00 00 00 00 00 00 00 00 00 00 00 00 00 00 57 00 62 00 D7 
 02 6F 00 00 FF E9 03 01 0A 00 00 00 FF FF 00 00 00 FF E9 00 00 00 00 00 00 00 00 00 00 00 00 00 00 00 58 00 60 00 D6 
 02 6F 00 00 FF E9 03 01 0A 00 00 00 FF FF 00 00 00 FF E9 00 00 00 00 00 00 00 00 00 01 00 00 00 00 00 57 00 5F 00 D5 
 02 6F 00 00 FF E9 03 01 0A 00 00 00 FF FF 00 00 00 FF E9 00 00 00 00 00 00 00 00 00 00 00 00 00 00 00 59 00 61 00 D8 
 02 6F 00 00 FF E9 03 01 0A 00 00 00 FF FF 00 00 00 FF E9 00 00 00 00 00 00 00 00 00 00 00 00 00 00 00 57 00 61 00 D6 
 02 6F 00 00 FF E9 03 01 0A 00 00 00 FF FF 00 00 00 FF E9 00 00 00 00 00 00 00 00 00 01 00 00 00 00 00 5C 00 66 00 E1 
 02 6F 00 00 FF E9 03 01 0A 00 00 00 FF FF 00 00 00 FF E9 00 00 00 00 00 00 00 00 00 00 00 00 00 00 00 5B 00 61 00 DA 
 02 6F 00 00 FF E9 03 01 0A 00 00 00 FF FF 00 00 00 FF E9 00 00 00 00 00 00 00 00 00 00 00 00 00 00 00 57 00 61 00 D6 
 02 6F 00 00 FF E9 03 01 0A 00 00 00 FF FF 00 00 00 FF E9 00 00 00 00 00 00 00 00 00 02 00 00 00 00 00 58 00 62 00 DA 
 02 6F 00 00 FF E9 03 01 0A 00 00 00 FF FF 00 00 00 FF E9 00 00 00 00 00 00 00 00 00 01 00 00 00 00 00 57 00 5F 00 D5 
 02 6F 00 00 FF E9 03 01 0A 00 00 00 FF FF 00 00 00 FF E9 00 00 00 00 00 00 00 00 00 00 00 00 00 00 00 5E 00 61 00 DD 
 02 6F 00 00 FF E9 03 01 0A 00 00 00 FF FF 00 00 00 FF E9 00 00 00 00 00 00 00 00 00 00 00 00 00 00 00 57 00 62 00 D7 
 02 6F 00 00 FF E9 03 01 0A 00 00 00 FF FF 00 00 00 FF E9 00 00 00 00 00 00 00 00 00 00 00 00 00 00 00 58 00 5F 00 D5 
 02 6F 00 00 FF E9 03 01 0A 00 00 00 FF FF 00 00 00 FF E9 00 00 00 00 00 00 00 00 00 00 00 00 00 00 00 59 00 60 00 D7 
 02 6F 00 00 FF E9 03 01 0A 00 00 00 FF FF 00 00 00 FF E9 00 00 00 00 00 00 00 00 00 05 00 00 00 00 00 56 00 5F 00 D8 
 02 6F 00 00 FF E9 03 01 0A 00 00 00 FF FF 00 00 00 FF E9 00 00 00 00 00 00 00 00 00 00 00 00 00 00 00 57 00 5F 00 D4 
 02 6F 00 00 FF E9 03 01 0A 00 00 00 FF FF 00 00 00 FF E9 00 00 00 00 00 00 00 00 00 04 00 00 00 00 00 58 00 60 00 DA 
 02 6F 00 00 FF E9 03 01 0A 00 00 00 FF FF 00 00 00 FF E9 00 00 00 00 00 00 00 00 00 02 00 00 00 00 00 59 00 61 00 DA 
 02 6F 00 00 FF E9 03 01 0A 00 00 00 FF FF 00 00 00 FF E9 00 00 00 00 00 00 00 00 00 00 00 00 00 00 00 58 00 5E 00 D4 
 02 6F 00 00 FF E9 03 01 0A 00 00 00 FF FF 00 00 00 FF E9 00 00 00 00 00 00 00 00 00 00 00 00 00 00 00 59 00 5D 00 D4 
 02 6F 00 00 FF E9 03 01 0A 00 00 00 FF FF 00 00 00 FF E9 00 00 00 00 00 00 00 00 00 02 00 00 00 00 00 59 00 63 00 DC 
 02 6F 00 00 FF E9 03 01 0A 00 00 00 FF FF 00 00 00 FF E9 00 00 00 00 00 00 00 00 00 00 00 00 00 00 00 57 00 60 00 D5 
 02 6F 00 00 FF E9 03 01 0A 00 00 00 FF FF 00 00 00 FF E9 00 00 00 00 00 00 00 00 00 00 00 00 00 00 00 58 00 61 00 D7 
 02 6F 00 00 FF E9 03 01 0A 00 00 00 FF FF 00 00 00 FF E9 00 00 00 00 00 00 00 00 00 00 00 00 00 00 00 58 00 5F 00 D5 
 02 6F 00 00 FF E9 03 01 0A 00 00 00 FF FF 00 00 00 FF E9 00 00 00 00 00 00 00 00 00 00 00 00 00 00 00 56 00 61 00 D5 
 02 6F 00 00 FF E9 03 01 0A 00 00 00 FF FF 00 00 00 FF E9 00 00 00 00 00 00 00 00 00 00 00 00 00 00 00 58 00 62 00 D8 
 02 6F 00 00 FF E9 03 01 0A 00 00 00 FF FF 00 00 00 FF E9 00 00 00 00 00 00 00 00 00 00 00 00 00 00 00 56 00 61 00 D5 
 02 6F 00 00 FF E9 03 01 0A 00 00 00 FF FF 00 00 00 FF E9 00 00 00 00 00 00 00 00 00 00 00 00 00 00 00 55 00 61 00 D4 
 02 6F 00 00 FF E9 03 01 0A 00 00 00 FF FF 00 00 00 FF E9 00 00 00 00 00 00 00 00 00 00 00 00 00 00 00 59 00 60 00 D7 
 02 6F 00 00 FF E9 03 01 0A 00 00 00 FF FF 00 00 00 FF E9 00 00 00 00 00 00 00 00 00 00 00 00 00 00 00 57 00 5F 00 D4 
 02 6F 00 00 FF E9 03 01 0A 00 00 00 FF FF 00 00 00 FF E9 00 00 00 00 00 00 00 00 00 00 00 00 00 00 00 57 00 60 00 D5 
 02 6F 00 00 FF E9 03 01 0A 00 00 00 FF FF 00 00 00 FF E9 00 00 00 00 00 00 00 00 00 00 00 00 00 00 00 5A 00 5F 00 D7 
 02 6F 00 00 FF E9 03 01 0A 00 00 00 FF FF 00 00 00 FF E9 00 00 00 00 00 00 00 00 00 00 00 00 00 00 00 58 00 5F 00 D5 
 02 6F 00 00 FF E9 03 01 0A 00 00 00 FF FF 00 00 00 FF E9 00 00 00 00 00 00 00 00 00 00 00 00 00 00 00 57 00 64 00 D9 
 02 6F 00 00 FF E9 03 01 0A 00 00 00 FF FF 00 00 00 FF E9 00 00 00 00 00 00 00 00 00 00 00 00 00 00 00 57 00 5E 00 D3 
 02 6F 00 00 FF E9 03 01 0A 00 00 00 FF FF 00 00 00 FF E9 00 00 00 00 00 00 00 00 00 00 00 00 00 00 00 57 00 62 00 D7 
 02 6F 00 00 FF E9 03 01 0A 00 00 00 FF FF 00 00 00 FF E9 00 00 00 00 00 00 00 00 00 00 00 00 00 00 00 56 00 5F 00 D3 
 02 6F 00 00 FF E9 03 01 0A 00 00 00 FF FF 00 00 00 FF E9 00 00 00 00 00 00 00 00 00 00 00 00 00 00 00 5A 00 63 00 DB 
 02 6F 00 00 FF E9 03 01 0A 00 00 00 FF FF 00 00 00 FF E9 00 00 00 00 00 00 00 00 00 00 00 00 00 00 00 52 00 64 00 D4 
 02 6F 00 00 FF E9 03 01 0A 00 00 00 FF FF 00 00 00 FF E9 00 00 00 00 00 00 00 00 00 00 00 00 00 00 00 58 00 5F 00 D5 
 02 6F 00 00 FF E9 03 01 0A 00 00 00 FF FF 00 00 00 FF E9 00 00 00 00 00 00 00 00 00 00 00 00 00 00 00 58 00 62 00 D8 
 02 6F 00 00 FF E9 03 01 0A 00 00 00 FF FF 00 00 00 FF E9 00 00 00 00 00 00 00 00 00 00 00 00 00 00 00 58 00 62 00 D8 
 02 6F 00 00 FF E9 03 01 0A 00 00 00 FF FF 00 00 00 FF E9 00 00 00 00 00 00 00 00 00 00 00 00 00 00 00 59 00 63 00 DA 
 02 6F 00 00 FF E9 03 01 0A 00 00 00 FF FF 00 00 00 FF E9 00 00 00 00 00 00 00 00 00 00 00 00 00 00 00 58 00 5F 00 D5 
 02 6F 00 00 FF E9 03 01 0A 00 00 00 FF FF 00 00 00 FF E9 00 00 00 00 00 00 00 00 00 00 00 00 00 00 00 55 00 61 00 D4 
 02 6F 00 00 FF E9 03 01 0A 00 00 00 FF FF 00 00 00 FF E9 00 00 00 00 00 00 00 00 00 01 00 00 00 00 00 59 00 61 00 D9 
 02 6F 00 00 FF E9 03 01 0A 00 00 00 FF FF 00 00 00 FF E9 00 00 00 00 00 00 00 00 00 02 00 00 00 00 00 59 00 61 00 DA 
 02 6F 00 00 FF E9 03 01 0A 00 00 00 FF FF 00 00 00 FF E9 00 00 00 00 00 00 00 00 00 00 00 00 00 00 00 54 00 5E 00 D0 
 02 6F 00 00 FF E9 03 01 0A 00 00 00 FF FF 00 00 00 FF E9 00 00 00 00 00 00 00 00 00 02 00 00 00 00 00 56 00 61 00 D7 
 02 6F 00 00 FF E9 03 01 0A 00 00 00 FF FF 00 00 00 FF E9 00 00 00 00 00 00 00 00 00 00 00 00 00 00 00 57 00 5E 00 D3 
 02 6F 00 00 FF E9 03 01 0A 00 00 00 FF FF 00 00 00 FF E9 00 00 00 00 00 00 00 00 00 00 00 00 00 00 00 55 00 5E 00 D1 
 02 6F 00 00 FF E9 03 01 0A 00 00 00 FF FF 00 00 00 FF E9 00 00 00 00 00 00 00 00 00 01 00 00 00 00 00 5A 00 61 00 DA 
 02 6F 00 00 FF E9 03 01 0A 00 00 00 FF FF 00 00 00 FF E9 00 00 00 00 00 00 00 00 00 00 00 00 00 00 00 59 00 62 00 D9 
 02 6F 00 00 FF E9 03 01 0A 00 00 00 FF FF 00 00 00 FF E9 00 00 00 00 00 00 00 00 00 00 00 00 00 00 00 57 00 5F 00 D4 
 02 6F 00 00 FF E9 03 01 0A 00 00 00 FF FF 00 00 00 FF E9 00 00 00 00 00 00 00 00 00 00 00 00 00 00 00 56 00 5D 00 D1 
 02 6F 00 00 FF E9 03 01 0A 00 00 00 FF FF 00 00 00 FF E9 00 00 00 00 00 00 00 00 00 00 00 00 00 00 00 53 00 61 00 D2 
 02 6F 00 00 FF E9 03 01 0A 00 00 00 FF FF 00 00 00 FF E9 00 00 00 00 00 00 00 00 00 00 00 00 00 00 00 5A 00 62 00 DA 
 02 6F 00 00 FF E9 03 01 0A 00 00 00 FF FF 00 00 00 FF E9 00 00 00 00 00 00 00 00 00 01 00 00 00 00 00 59 00 61 00 D9 
 02 6F 00 00 FF E9 03 01 0A 00 00 00 FF FF 00 00 00 FF E9 00 00 00 00 00 00 00 00 00 01 00 00 00 00 00 58 00 61 00 D8 
 02 6F 00 00 FF E9 03 01 0A 00 00 00 FF FF 00 00 00 FF E9 00 00 00 00 00 00 00 00 00 00 00 00 00 00 00 5B 00 61 00 DA 
 02 6F 00 00 FF E9 03 01 0A 00 00 00 FF FF 00 00 00 FF E9 00 00 00 00 00 00 00 00 00 00 00 00 00 00 00 58 00 62 00 D8 
 02 6F 00 00 FF E9 03 01 0A 00 00 00 FF FF 00 00 00 FF E9 00 00 00 00 00 00 00 00 00 00 00 00 00 00 00 5A 00 61 00 D9 
 02 6F 00 00 FF E9 03 01 0A 00 00 00 FF FF 00 00 00 FF E9 00 00 00 00 00 00 00 00 00 00 00 00 00 00 00 57 00 61 00 D6 
 02 6F 00 00 FF E9 03 01 0A 00 00 00 FF FF 00 00 00 FF E9 00 00 00 00 00 00 00 00 00 00 00 00 00 00 00 59 00 60 00 D7 
 02 6F 00 00 FF E9 03 01 0A 00 00 00 FF FF 00 00 00 FF E9 00 00 00 00 00 00 00 00 00 00 00 00 00 00 00 56 00 62 00 D6 
 02 6F 00 00 FF E9 03 01 0A 00 00 00 FF FF 00 00 00 FF E9 00 00 00 00 00 00 00 00 00 02 00 00 00 00 00 5C 00 62 00 DE 
 02 6F 00 00 FF E9 03 01 0A 00 00 00 FF FF 00 00 00 FF E9 00 00 00 00 00 00 00 00 00 00 00 00 00 00 00 58 00 60 00 D6 
 02 6F 00 00 FF E9 03 01 0A 00 00 00 FF FF 00 00 00 FF E9 00 00 00 00 00 00 00 00 00 00 00 00 00 00 00 5A 00 5F 00 D7 
 02 6F 00 00 FF E9 03 01 0A 00 00 00 FF FF 00 00 00 FF E9 00 00 00 00 00 00 00 00 00 02 00 00 00 00 00 58 00 5F 00 D7 
 02 6F 00 00 FF E9 03 01 0A 00 00 00 FF FF 00 00 00 FF E9 00 00 00 00 00 00 00 00 00 00 00 00 00 00 00 54 00 60 00 D2 
 02 6F 00 00 FF E9 03 01 0A 00 00 00 FF FF 00 00 00 FF E9 00 00 00 00 00 00 00 00 00 00 00 00 00 00 00 59 00 62 00 D9 
 02 6F 00 00 FF E9 03 01 0A 00 00 00 FF FF 00 00 00 FF E9 00 00 00 00 00 00 00 00 00 00 00 00 00 00 00 58 00 61 00 D7 
 02 6F 00 00 FF E9 03 01 0A 00 00 00 FF FF 00 00 00 FF E9 00 00 00 00 00 00 00 00 00 00 00 00 00 00 00 57 00 61 00 D6 
 02 6F 00 00 FF E9 03 01 0A 00 00 00 FF FF 00 00 00 FF E9 00 00 00 00 00 00 00 00 00 00 00 00 00 00 00 58 00 62 00 D8 
 02 6F 00 00 FF E9 03 01 0A 00 00 00 FF FF 00 00 00 FF E9 00 00 00 00 00 00 00 00 00 00 00 00 00 00 00 58 00 5F 00 D5 
 02 6F 00 00 FF E9 03 01 0A 00 00 00 FF FF 00 00 00 FF E9 00 00 00 00 00 00 00 00 00 02 00 00 00 00 00 5A 00 5F 00 D9 
 02 6F 00 00 FF E9 03 01 0A 00 00 00 FF FF 00 00 00 FF E9 00 00 00 00 00 00 00 00 00 00 00 00 00 00 00 58 00 62 00 D8 
 02 6F 00 00 FF E9 03 01 0A 00 00 00 FF FF 00 00 00 FF E9 00 00 00 00 00 00 00 00 00 00 00 00 00 00 00 58 00 60 00 D6 
 02 6F 00 00 FF E9 03 01 0A 00 00 00 FF FF 00 00 00 FF E9 00 00 00 00 00 00 00 00 00 00 00 00 00 00 00 59 00 5B 00 D2 
 02 6F 00 00 FF E9 03 01 0A 00 00 00 FF FF 00 00 00 FF E9 00 00 00 00 00 00 00 00 00 00 00 00 00 00 00 59 00 62 00 D9 
 02 6F 00 00 FF E9 03 01 0A 00 00 00 FF FF 00 00 00 FF E9 00 00 00 00 00 00 00 00 00 00 00 00 00 00 00 58 00 62 00 D8 
 02 6F 00 00 FF E9 03 01 0A 00 00 00 FF FF 00 00 00 FF E9 00 00 00 00 00 00 00 00 00 00 00 00 00 00 00 57 00 62 00 D7 
 02 6F 00 00 FF E9 03 01 0A 00 00 00 FF FF 00 00 00 FF E9 00 00 00 00 00 00 00 00 00 00 00 00 00 00 00 59 00 60 00 D7 
 02 6F 00 00 FF E9 03 01 0A 00 00 00 FF FF 00 00 00 FF E9 00 00 00 00 00 00 00 00 00 00 00 00 00 00 00 58 00 61 00 D7 
 02 6F 00 00 FF E9 03 01 0A 00 00 00 FF FF 00 00 00 FF E9 00 00 00 00 00 00 00 00 00 00 00 00 00 00 00 57 00 64 00 D9 
 02 6F 00 00 FF E9 03 01 0A 00 00 00 FF FF 00 00 00 FF E9 00 00 00 00 00 00 00 00 00 00 00 00 00 00 00 58 00 63 00 D9 
 02 6F 00 00 FF E9 03 01 0A 00 00 00 FF FF 00 00 00 FF E9 00 00 00 00 00 00 00 00 00 00 00 00 00 00 00 58 00 5E 00 D4 
 02 6F 00 00 FF E9 03 01 0A 00 00 00 FF FF 00 00 00 FF E9 00 00 00 00 00 00 00 00 00 00 00 00 00 00 00 59 00 62 00 D9 
 02 6F 00 00 FF E9 03 01 0A 00 00 00 FF FF 00 00 00 FF E9 00 00 00 00 00 00 00 00 00 00 00 00 00 00 00 57 00 5F 00 D4 
 02 6F 00 00 FF E9 03 01 0A 00 00 00 FF FF 00 00 00 FF E9 00 00 00 00 00 00 00 00 00 00 00 00 00 00 00 58 00 62 00 D8 
 02 6F 00 00 FF E9 03 01 0A 00 00 00 FF FF 00 00 00 FF E9 00 00 00 00 00 00 00 00 00 01 00 00 00 00 00 57 00 60 00 D6 
 02 6F 00 00 FF E9 03 01 0A 00 00 00 FF FF 00 00 00 FF E9 00 00 00 00 00 00 00 00 00 00 00 00 00 00 00 57 00 61 00 D6 
 02 6F 00 00 FF E9 03 01 0A 00 00 00 FF FF 00 00 00 FF E9 00 00 00 00 00 00 00 00 00 00 00 00 00 00 00 57 00 5F 00 D4 
 02 6F 00 00 FF E9 03 01 0A 00 00 00 FF FF 00 00 00 FF E9 00 00 00 00 00 00 00 00 00 00 00 00 00 00 00 5B 00 62 00 DB 
 02 6F 00 00 FF E9 03 01 0A 00 00 00 FF FF 00 00 00 FF E9 00 00 00 00 00 00 00 00 00 00 00 00 00 00 00 59 00 5F 00 D6 
 02 6F 00 00 FF E9 03 01 0A 00 00 00 FF FF 00 00 00 FF E9 00 00 00 00 00 00 00 00 00 01 00 00 00 00 00 58 00 62 00 D9 
 02 6F 00 00 FF E9 03 01 0A 00 00 00 FF FF 00 00 00 FF E9 00 00 00 00 00 00 00 00 00 00 00 00 00 00 00 56 00 5F 00 D3 
 02 6F 00 00 FF E9 03 01 0A 00 00 00 FF FF 00 00 00 FF E9 00 00 00 00 00 00 00 00 00 00 00 00 00 00 00 59 00 61 00 D8 
 02 6F 00 00 FF E9 03 01 0A 00 00 00 FF FF 00 00 00 FF E9 00 00 00 00 00 00 00 00 00 00 00 00 00 00 00 59 00 62 00 D9 
 02 6F 00 00 FF E9 03 01 0A 00 00 00 FF FF 00 00 00 FF E9 00 00 00 00 00 00 00 00 00 00 00 00 00 00 00 58 00 5E 00 D4 
 02 6F 00 00 FF E9 03 01 0A 00 00 00 FF FF 00 00 00 FF E9 00 00 00 00 00 00 00 00 00 00 00 00 00 00 00 55 00 62 00 D5 
 02 6F 00 00 FF E9 03 01 0A 00 00 00 FF FF 00 00 00 FF E9 00 00 00 00 00 00 00 00 00 00 00 00 00 00 00 59 00 5F 00 D6 
 02 6F 00 00 FF E9 03 01 0A 00 00 00 FF FF 00 00 00 FF E9 00 00 00 00 00 00 00 00 00 00 00 00 00 00 00 59 00 65 00 DC 
 02 6F 00 00 FF E9 03 01 0A 00 00 00 FF FF 00 00 00 FF E9 00 00 00 00 00 00 00 00 00 00 00 00 00 00 00 59 00 61 00 D8 
 02 6F 00 00 FF E9 03 01 0A 00 00 00 FF FF 00 00 00 FF E9 00 00 00 00 00 00 00 00 00 00 00 00 00 00 00 57 00 5F 00 D4 
 02 6F 00 00 FF E9 03 01 0A 00 00 00 FF FF 00 00 00 FF E9 00 00 00 00 00 00 00 00 00 00 00 00 00 00 00 59 00 61 00 D8 
 02 6F 00 00 FF E9 03 01 0A 00 00 00 FF FF 00 00 00 FF E9 00 00 00 00 00 00 00 00 00 02 00 00 00 00 00 58 00 62 00 DA 
 02 6F 00 00 FF E9 03 01 0A 00 00 00 FF FF 00 00 00 FF E9 00 00 00 00 00 00 00 00 00 00 00 00 00 00 00 57 00 64 00 D9 
 02 6F 00 00 FF E9 03 01 0A 00 00 00 FF FF 00 00 00 FF E9 00 00 00 00 00 00 00 00 00 00 00 00 00 00 00 58 00 5E 00 D4 
 02 6F 00 00 FF E9 03 01 0A 00 00 00 FF FF 00 00 00 FF E9 00 00 00 00 00 00 00 00 00 01 00 00 00 00 00 59 00 62 00 DA 
 02 6F 00 00 FF E9 03 01 0A 00 00 00 FF FF 00 00 00 FF E9 00 00 00 00 00 00 00 00 00 01 00 00 00 00 00 58 00 5F 00 D6 
 02 6F 00 00 FF E9 03 01 0A 00 00 00 FF FF 00 00 00 FF E9 00 00 00 00 00 00 00 00 00 00 00 00 00 00 00 57 00 5D 00 D2 
 02 6F 00 00 FF E9 03 01 0A 00 00 00 FF FF 00 00 00 FF E9 00 00 00 00 00 00 00 00 00 00 00 00 00 00 00 58 00 62 00 D8 
 02 6F 00 00 FF E9 03 01 0A 00 00 00 FF FF 00 00 00 FF E9 00 00 00 00 00 00 00 00 00 00 00 00 00 00 00 59 00 61 00 D8 
 02 6F 00 00 FF E9 03 01 0A 00 00 00 FF FF 00 00 00 FF E9 00 00 00 00 00 00 00 00 00 00 00 00 00 00 00 5A 00 60 00 D8 
 02 6F 00 00 FF E9 03 01 0A 00 00 00 FF FF 00 00 00 FF E9 00 00 00 00 00 00 00 00 00 00 00 00 00 00 00 58 00 62 00 D8 
 02 6F 00 00 FF E9 03 01 0A 00 00 00 FF FF 00 00 00 FF E9 00 00 00 00 00 00 00 00 00 00 00 00 00 00 00 58 00 5F 00 D5 
 02 6F 00 00 FF E9 03 01 0A 00 00 00 FF FF 00 00 00 FF E9 00 00 00 00 00 00 00 00 00 00 00 00 00 00 00 5A 00 60 00 D8 
 02 6F 00 00 FF E9 03 01 0A 00 00 00 FF FF 00 00 00 FF E9 00 00 00 00 00 00 00 00 00 00 00 00 00 00 00 58 00 61 00 D7 
 02 6F 00 00 FF E9 03 01 0A 00 00 00 FF FF 00 00 00 FF E9 00 00 00 00 00 00 00 00 00 00 00 00 00 00 00 59 00 5F 00 D6 
 02 6F 00 00 FF E9 03 01 0A 00 00 00 FF FF 00 00 00 FF E9 00 00 00 00 00 00 00 00 00 00 00 00 00 00 00 59 00 64 00 DB 
 02 6F 00 00 FF E9 03 01 0A 00 00 00 FF FF 00 00 00 FF E9 00 00 00 00 00 00 00 00 00 02 00 00 00 00 00 57 00 61 00 D8 
 02 6F 00 00 FF E9 03 01 0A 00 00 00 FF FF 00 00 00 FF E9 00 00 00 00 00 00 00 00 00 00 00 00 00 00 00 58 00 60 00 D6 
 02 6F 00 00 FF E9 03 01 0A 00 00 00 FF FF 00 00 00 FF E9 00 00 00 00 00 00 00 00 00 02 00 00 00 00 00 58 00 61 00 D9 
 02 6F 00 00 FF E9 03 01 0A 00 00 00 FF FF 00 00 00 FF E9 00 00 00 00 00 00 00 00 00 00 00 00 00 00 00 56 00 60 00 D4 
 02 6F 00 00 FF E9 03 01 0A 00 00 00 FF FF 00 00 00 FF E9 00 00 00 00 00 00 00 00 00 01 00 00 00 00 00 56 00 5F 00 D4 
 02 6F 00 00 FF E9 03 01 0A 00 00 00 FF FF 00 00 00 FF E9 00 00 00 00 00 00 00 00 00 00 00 00 00 00 00 58 00 61 00 D7 
 02 6F 00 00 FF E9 03 01 0A 00 00 00 FF FF 00 00 00 FF E9 00 00 00 00 00 00 00 00 00 00 00 00 00 00 00 58 00 60 00 D6 
 02 6F 00 00 FF E9 03 01 0A 00 00 00 FF FF 00 00 00 FF E9 00 00 00 00 00 00 00 00 00 00 00 00 00 00 00 57 00 5F 00 D4 
 02 6F 00 00 FF E9 03 01 0A 00 00 00 FF FF 00 00 00 FF E9 00 00 00 00 00 00 00 00 00 00 00 00 00 00 00 57 00 61 00 D6 
 02 6F 00 00 FF E9 03 01 0A 00 00 00 FF FF 00 00 00 FF E9 00 00 00 00 00 00 00 00 00 00 00 00 00 00 00 59 00 5F 00 D6 
 02 6F 00 00 FF E9 03 01 0A 00 00 00 FF FF 00 00 00 FF E9 00 00 00 00 00 00 00 00 00 00 00 00 00 00 00 56 00 61 00 D5 
 02 6F 00 00 FF E9 03 01 0A 00 00 00 FF FF 00 00 00 FF E9 00 00 00 00 00 00 00 00 00 02 00 00 00 00 00 59 00 64 00 DD 
 02 6F 00 00 FF E9 03 01 0A 00 00 00 FF FF 00 00 00 FF E9 00 00 00 00 00 00 00 00 00 00 00 00 00 00 00 56 00 5F 00 D3 
 02 6F 00 00 FF E9 03 01 0A 00 00 00 FF FF 00 00 00 FF E9 00 00 00 00 00 00 00 00 00 00 00 00 00 00 00 59 00 62 00 D9 
 02 6F 00 00 FF E9 03 01 0A 00 00 00 FF FF 00 00 00 FF E9 00 00 00 00 00 00 00 00 00 00 00 00 00 00 00 59 00 5E 00 D5 
 02 6F 00 00 FF E9 03 01 0A 00 00 00 FF FF 00 00 00 FF E9 00 00 00 00 00 00 00 00 00 00 00 00 00 00 00 57 00 60 00 D5 
 02 6F 00 00 FF E9 03 01 0A 00 00 00 FF FF 00 00 00 FF E9 00 00 00 00 00 00 00 00 00 00 00 00 00 00 00 58 00 5F 00 D5 
 02 6F 00 00 FF E9 03 01 0A 00 00 00 FF FF 00 00 00 FF E9 00 00 00 00 00 00 00 00 00 00 00 00 00 00 00 58 00 5F 00 D5 
 02 6F 00 00 FF E9 03 01 0A 00 00 00 FF FF 00 00 00 FF E9 00 00 00 00 00 00 00 00 00 00 00 00 00 00 00 58 00 5F 00 D5 
 02 6F 00 00 FF E9 03 01 0A 00 00 00 FF FF 00 00 00 FF E9 00 00 00 00 00 00 00 00 00 01 00 00 00 00 00 58 00 5F 00 D6 
 02 6F 00 00 FF E9 03 01 0A 00 00 00 FF FF 00 00 00 FF E9 00 00 00 00 00 00 00 00 00 00 00 00 00 00 00 58 00 60 00 D6 
 02 6F 00 00 FF E9 03 01 0A 00 00 00 FF FF 00 00 00 FF E9 00 00 00 00 00 00 00 00 00 00 00 00 00 00 00 57 00 62 00 D7 
 02 6F 00 00 FF E9 03 01 0A 00 00 00 FF FF 00 00 00 FF E9 00 00 00 00 00 00 00 00 00 00 00 00 00 00 00 58 00 5E 00 D4 
 02 6F 00 00 FF E9 03 01 0A 00 00 00 FF FF 00 00 00 FF E9 00 00 00 00 00 00 00 00 00 00 00 00 00 00 00 57 00 62 00 D7 
 02 6F 00 00 FF E9 03 01 0A 00 00 00 FF FF 00 00 00 FF E9 00 00 00 00 00 00 00 00 00 00 00 00 00 00 00 59 00 60 00 D7 
 02 6F 00 00 FF E9 03 01 0A 00 00 00 FF FF 00 00 00 FF E9 00 00 00 00 00 00 00 00 00 00 00 00 00 00 00 59 00 62 00 D9 
 02 6F 00 00 FF E9 03 01 0A 00 00 00 FF FF 00 00 00 FF E9 00 00 00 00 00 00 00 00 00 01 00 00 00 00 00 58 00 5F 00 D6 
 02 6F 00 00 FF E9 03 01 0A 00 00 00 FF FF 00 00 00 FF E9 00 00 00 00 00 00 00 00 00 00 00 00 00 00 00 59 00 64 00 DB 
 02 6F 00 00 FF E9 03 01 0A 00 00 00 FF FF 00 00 00 FF E9 00 00 00 00 00 00 00 00 00 00 00 00 00 00 00 53 00 5A 00 CB 
 02 6F 00 00 FF E9 03 01 0A 00 00 00 FF FF 00 00 00 FF E9 00 00 00 00 00 00 00 00 00 00 00 00 00 00 00 58 00 62 00 D8 
 02 6F 00 00 FF E9 03 01 0A 00 00 00 FF FF 00 00 00 FF E9 00 00 00 00 00 00 00 00 00 01 00 00 00 00 00 56 00 61 00 D6 
 02 6F 00 00 FF E9 03 01 0A 00 00 00 FF FF 00 00 00 FF E9 00 00 00 00 00 00 00 00 00 00 00 00 00 00 00 57 00 5F 00 D4 
 02 6F 00 00 FF E9 03 01 0A 00 00 00 FF FF 00 00 00 FF E9 00 00 00 00 00 00 00 00 00 00 00 00 00 00 00 59 00 62 00 D9 
 02 6F 00 00 FF E9 03 01 0A 00 00 00 FF FF 00 00 00 FF E9 00 00 00 00 00 00 00 00 00 00 00 00 00 00 00 57 00 63 00 D8 
 02 6F 00 00 FF E9 03 01 0A 00 00 00 FF FF 00 00 00 FF E9 00 00 00 00 00 00 00 00 00 00 00 00 00 00 00 58 00 61 00 D7 
 02 6F 00 00 FF E9 03 01 0A 00 00 00 FF FF 00 00 00 FF E9 00 00 00 00 00 00 00 00 00 00 00 00 00 00 00 56 00 5E 00 D2 
 02 6F 00 00 FF E9 03 01 0A 00 00 00 FF FF 00 00 00 FF E9 00 00 00 00 00 00 00 00 00 00 00 00 00 00 00 57 00 61 00 D6 
 02 6F 00 00 FF E9 03 01 0A 00 00 00 FF FF 00 00 00 FF E9 00 00 00 00 00 00 00 00 00 00 00 00 00 00 00 5A 00 60 00 D8 
 02 6F 00 00 FF E9 03 01 0A 00 00 00 FF FF 00 00 00 FF E9 00 00 00 00 00 00 00 00 00 00 00 00 00 00 00 58 00 61 00 D7 
 02 6F 00 00 FF E9 03 01 0A 00 00 00 FF FF 00 00 00 FF E9 00 00 00 00 00 00 00 00 00 00 00 00 00 00 00 55 00 5F 00 D2 
 02 6F 00 00 FF E9 03 01 0A 00 00 00 FF FF 00 00 00 FF E9 00 00 00 00 00 00 00 00 00 00 00 00 00 00 00 56 00 5E 00 D2 
 02 6F 00 00 FF E9 03 01 0A 00 00 00 FF FF 00 00 00 FF E9 00 00 00 00 00 00 00 00 00 00 00 00 00 00 00 54 00 60 00 D2 
 02 6F 00 00 FF E9 03 01 0A 00 00 00 FF FF 00 00 00 FF E9 00 00 00 00 00 00 00 00 00 00 00 00 00 00 00 56 00 60 00 D4 
 02 6F 00 00 FF E9 03 01 0A 00 00 00 FF FF 00 00 00 FF E9 00 00 00 00 00 00 00 00 00 00 00 00 00 00 00 59 00 5F 00 D6 
 02 6F 00 00 FF E9 03 01 0A 00 00 00 FF FF 00 00 00 FF E9 00 00 00 00 00 00 00 00 00 00 00 00 00 00 00 56 00 60 00 D4 
 02 6F 00 00 FF E9 03 01 0A 00 00 00 FF FF 00 00 00 FF E9 00 00 00 00 00 00 00 00 00 00 00 00 00 00 00 59 00 60 00 D7 
 02 6F 00 00 FF E9 03 01 0A 00 00 00 FF FF 00 00 00 FF E9 00 00 00 00 00 00 00 00 00 00 00 00 00 00 00 58 00 61 00 D7 
 02 6F 00 00 FF E9 03 01 0A 00 00 00 FF FF 00 00 00 FF E9 00 00 00 00 00 00 00 00 00 00 00 00 00 00 00 58 00 5F 00 D5 
 02 6F 00 00 FF E9 03 01 0A 00 00 00 FF FF 00 00 00 FF E9 00 00 00 00 00 00 00 00 00 00 00 00 00 00 00 58 00 5E 00 D4 
 02 6F 00 00 FF E9 03 01 0A 00 00 00 FF FF 00 00 00 FF E9 00 00 00 00 00 00 00 00 00 00 00 00 00 00 00 58 00 61 00 D7 
 02 6F 00 00 FF E9 03 01 0A 00 00 00 FF FF 00 00 00 FF E9 00 00 00 00 00 00 00 00 00 00 00 00 00 00 00 56 00 61 00 D5 
 02 6F 00 00 FF E9 03 01 0A 00 00 00 FF FF 00 00 00 FF E9 00 00 00 00 00 00 00 00 00 01 00 00 00 00 00 57 00 62 00 D8 
 02 6F 00 00 FF E9 03 01 0A 00 00 00 FF FF 00 00 00 FF E9 00 00 00 00 00 00 00 00 00 00 00 00 00 00 00 56 00 5F 00 D3 
 02 6F 00 00 FF E9 03 01 0A 00 00 00 FF FF 00 00 00 FF E9 00 00 00 00 00 00 00 00 00 00 00 00 00 00 00 57 00 5F 00 D4 
 02 6F 00 00 FF E9 03 01 0A 00 00 00 FF FF 00 00 00 FF E9 00 00 00 00 00 00 00 00 00 00 00 00 00 00 00 58 00 62 00 D8 
 02 6F 00 00 FF E9 03 01 0A 00 00 00 FF FF 00 00 00 FF E9 00 00 00 00 00 00 00 00 00 00 00 00 00 00 00 59 00 65 00 DC 
 02 6F 00 00 FF E9 03 01 0A 00 00 00 FF FF 00 00 00 FF E9 00 00 00 00 00 00 00 00 00 00 00 00 00 00 00 56 00 61 00 D5 
 02 6F 00 00 FF E9 03 01 0A 00 00 00 FF FF 00 00 00 FF E9 00 00 00 00 00 00 00 00 00 00 00 00 00 00 00 58 00 62 00 D8 
 02 6F 00 00 FF E9 03 01 0A 00 00 00 FF FF 00 00 00 FF E9 00 00 00 00 00 00 00 00 00 00 00 00 00 00 00 5B 00 62 00 DB 
 02 6F 00 00 FF E9 03 01 0A 00 00 00 FF FF 00 00 00 FF E9 00 00 00 00 00 00 00 00 00 00 00 00 00 00 00 58 00 61 00 D7 
 02 6F 00 00 FF E9 03 01 0A 00 00 00 FF FF 00 00 00 FF E9 00 00 00 00 00 00 00 00 00 00 00 00 00 00 00 5A 00 60 00 D8 
 02 6F 00 00 FF E9 03 01 0A 00 00 00 FF FF 00 00 00 FF E9 00 00 00 00 00 00 00 00 00 00 00 00 00 00 00 57 00 62 00 D7 
 02 6F 00 00 FF E9 03 01 0A 00 00 00 FF FF 00 00 00 FF E9 00 00 00 00 00 00 00 00 00 06 00 00 00 00 00 59 00 61 00 DE 
 02 6F 00 00 FF E9 03 01 0A 00 00 00 FF FF 00 00 00 FF E9 00 00 00 00 00 00 00 00 00 01 00 00 00 00 00 58 00 61 00 D8 
 02 6F 00 00 FF E9 03 01 0A 00 00 00 FF FF 00 00 00 FF E9 00 00 00 00 00 00 00 00 00 00 00 00 00 00 00 5B 00 62 00 DB 
 02 6F 00 00 FF E9 03 01 0A 00 00 00 FF FF 00 00 00 FF E9 00 00 00 00 00 00 00 00 00 00 00 00 00 00 00 5A 00 63 00 DB 
 02 6F 00 00 FF E9 03 01 0A 00 00 00 FF FF 00 00 00 FF E9 00 00 00 00 00 00 00 00 00 00 00 00 00 00 00 59 00 62 00 D9 
 02 6F 00 00 FF E9 03 01 0A 00 00 00 FF FF 00 00 00 FF E9 00 00 00 00 00 00 00 00 00 00 00 00 00 00 00 58 00 61 00 D7 
 02 6F 00 00 FF E9 03 01 0A 00 00 00 FF FF 00 00 00 FF E9 00 00 00 00 00 00 00 00 00 00 00 00 00 00 00 56 00 60 00 D4 
 02 6F 00 00 FF E9 03 01 0A 00 00 00 FF FF 00 00 00 FF E9 00 00 00 00 00 00 00 00 00 00 00 00 00 00 00 5C 00 65 00 DF 
 02 6F 00 00 FF E9 03 01 0A 00 00 00 FF FF 00 00 00 FF E9 00 00 00 00 00 00 00 00 00 01 00 00 00 00 00 59 00 62 00 DA 
 02 6F 00 00 FF E9 03 01 0A 00 00 00 FF FF 00 00 00 FF E9 00 00 00 00 00 00 00 00 00 00 00 00 00 00 00 57 00 62 00 D7 
 02 6F 00 00 FF E9 03 01 0A 00 00 00 FF FF 00 00 00 FF E9 00 00 00 00 00 00 00 00 00 00 00 00 00 00 00 58 00 62 00 D8 
 02 6F 00 00 FF E9 03 01 0A 00 00 00 FF FF 00 00 00 FF E9 00 00 00 00 00 00 00 00 00 00 00 00 00 00 00 57 00 60 00 D5 
 02 6F 00 00 FF E9 03 01 0A 00 00 00 FF FF 00 00 00 FF E9 00 00 00 00 00 00 00 00 00 02 00 00 00 00 00 5A 00 62 00 DC 
 02 6F 00 00 FF E9 03 01 0A 00 00 00 FF FF 00 00 00 FF E9 00 00 00 00 00 00 00 00 00 00 00 00 00 00 00 58 00 61 00 D7 
 02 6F 00 00 FF E9 03 01 0A 00 00 00 FF FF 00 00 00 FF E9 00 00 00 00 00 00 00 00 00 00 00 00 00 00 00 59 00 61 00 D8 
 02 6F 00 00 FF E9 03 01 0A 00 00 00 FF FF 00 00 00 FF E9 00 00 00 00 00 00 00 00 00 01 00 00 00 00 00 57 00 5F 00 D5 
 02 6F 00 00 FF E9 03 01 0A 00 00 00 FF FF 00 00 00 FF E9 00 00 00 00 00 00 00 00 00 01 00 00 00 00 00 59 00 62 00 DA 
 02 6F 00 00 FF E9 03 01 0A 00 00 00 FF FF 00 00 00 FF E9 00 00 00 00 00 00 00 00 00 00 00 00 00 00 00 58 00 62 00 D8 
 02 6F 00 00 FF E9 03 01 0A 00 00 00 FF FF 00 00 00 FF E9 00 00 00 00 00 00 00 00 00 00 00 00 00 00 00 58 00 61 00 D7 
 02 6F 00 00 FF E9 03 01 0A 00 00 00 FF FF 00 00 00 FF E9 00 00 00 00 00 00 00 00 00 00 00 00 00 00 00 5A 00 62 00 DA 
 02 6F 00 00 FF E9 03 01 0A 00 00 00 FF FF 00 00 00 FF E9 00 00 00 00 00 00 00 00 00 00 00 00 00 00 00 56 00 5F 00 D3 
 02 6F 00 00 FF E9 03 01 0A 00 00 00 FF FF 00 00 00 FF E9 00 00 00 00 00 00 00 00 00 00 00 00 00 00 00 60 00 62 00 E0 
 02 6F 00 00 FF E9 03 01 0A 00 00 00 FF FF 00 00 00 FF E9 00 00 00 00 00 00 00 00 00 00 00 00 00 00 00 57 00 5F 00 D4 
 02 6F 00 00 FF E9 03 01 0A 00 00 00 FF FF 00 00 00 FF E9 00 00 00 00 00 00 00 00 00 00 00 00 00 00 00 58 00 60 00 D6 
 02 6F 00 00 FF E9 03 01 0A 00 00 00 FF FF 00 00 00 FF E9 00 00 00 00 00 00 00 00 00 00 00 00 00 00 00 57 00 60 00 D5 
 02 6F 00 00 FF E9 03 01 0A 00 00 00 FF FF 00 00 00 FF E9 00 00 00 00 00 00 00 00 00 01 00 00 00 00 00 58 00 5F 00 D6 
 02 6F 00 00 FF E9 03 01 0A 00 00 00 FF FF 00 00 00 FF E9 00 00 00 00 00 00 00 00 00 00 00 00 00 00 00 57 00 63 00 D8 
 02 6F 00 00 FF E9 03 01 0A 00 00 00 FF FF 00 00 00 FF E9 00 00 00 00 00 00 00 00 00 01 00 00 00 00 00 5A 00 67 00 E0 
 02 6F 00 00 FF E9 03 01 0A 00 00 00 FF FF 00 00 00 FF E9 00 00 00 00 00 00 00 00 00 00 00 00 00 00 00 56 00 60 00 D4 
 02 6F 00 00 FF E9 03 01 0A 00 00 00 FF FF 00 00 00 FF E9 00 00 00 00 00 00 00 00 00 00 00 00 00 00 00 58 00 60 00 D6 
 02 6F 00 00 FF E9 03 01 0A 00 00 00 FF FF 00 00 00 FF E9 00 00 00 00 00 00 00 00 00 00 00 00 00 00 00 58 00 61 00 D7 
 02 6F 00 00 FF E9 03 01 0A 00 00 00 FF FF 00 00 00 FF E9 00 00 00 00 00 00 00 00 00 00 00 00 00 00 00 58 00 64 00 DA 
 02 6F 00 00 FF E9 03 01 0A 00 00 00 FF FF 00 00 00 FF E9 00 00 00 00 00 00 00 00 00 02 00 00 00 00 00 58 00 61 00 D9 
 02 6F 00 00 FF E9 03 01 0A 00 00 00 FF FF 00 00 00 FF E9 00 00 00 00 00 00 00 00 00 00 00 00 00 00 00 56 00 61 00 D5 
 02 6F 00 00 FF E9 03 01 0A 00 00 00 FF FF 00 00 00 FF E9 00 00 00 00 00 00 00 00 00 00 00 00 00 00 00 59 00 5E 00 D5 
 02 6F 00 00 FF E9 03 01 0A 00 00 00 FF FF 00 00 00 FF E9 00 00 00 00 00 00 00 00 00 00 00 00 00 00 00 5A 00 5F 00 D7 
 02 6F 00 00 FF E9 03 01 0A 00 00 00 FF FF 00 00 00 FF E9 00 00 00 00 00 00 00 00 00 01 00 00 00 00 00 58 00 60 00 D7 
 02 6F 00 00 FF E9 03 01 0A 00 00 00 FF FF 00 00 00 FF E9 00 00 00 00 00 00 00 00 00 01 00 00 00 00 00 57 00 61 00 D7 
 02 6F 00 00 FF E9 03 01 0A 00 00 00 FF FF 00 00 00 FF E9 00 00 00 00 00 00 00 00 00 00 00 00 00 00 00 57 00 5E 00 D3 
 02 6F 00 00 FF E9 03 01 0A 00 00 00 FF FF 00 00 00 FF E9 00 00 00 00 00 00 00 00 00 00 00 00 00 00 00 58 00 61 00 D7 
 02 6F 00 00 FF E9 03 01 0A 00 00 00 FF FF 00 00 00 FF E9 00 00 00 00 00 00 00 00 00 01 00 00 00 00 00 56 00 5F 00 D4 
 02 6F 00 00 FF E9 03 01 0A 00 00 00 FF FF 00 00 00 FF E9 00 00 00 00 00 00 00 00 00 00 00 00 00 00 00 55 00 60 00 D3 
 02 6F 00 00 FF E9 03 01 0A 00 00 00 FF FF 00 00 00 FF E9 00 00 00 00 00 00 00 00 00 00 00 00 00 00 00 59 00 61 00 D8 
 02 6F 00 00 FF E9 03 01 0A 00 00 00 FF FF 00 00 00 FF E9 00 00 00 00 00 00 00 00 00 00 00 00 00 00 00 58 00 60 00 D6 
 02 6F 00 00 FF E9 03 01 0A 00 00 00 FF FF 00 00 00 FF E9 00 00 00 00 00 00 00 00 00 01 00 00 00 00 00 59 00 5F 00 D7 
 02 6F 00 00 FF E9 03 01 0A 00 00 00 FF FF 00 00 00 FF E9 00 00 00 00 00 00 00 00 00 00 00 00 00 00 00 58 00 61 00 D7 
 02 6F 00 00 FF E9 03 01 0A 00 00 00 FF FF 00 00 00 FF E9 00 00 00 00 00 00 00 00 00 00 00 00 00 00 00 57 00 60 00 D5 
 02 6F 00 00 FF E9 03 01 0A 00 00 00 FF FF 00 00 00 FF E9 00 00 00 00 00 00 00 00 00 01 00 00 00 00 00 59 00 62 00 DA 
 02 6F 00 00 FF E9 03 01 0A 00 00 00 FF FF 00 00 00 FF E9 00 00 00 00 00 00 00 00 00 00 00 00 00 00 00 58 00 62 00 D8 
 02 6F 00 00 FF E9 03 01 0A 00 00 00 FF FF 00 00 00 FF E9 00 00 00 00 00 00 00 00 00 00 00 00 00 00 00 5B 00 65 00 DE 
 02 6F 00 00 FF E9 03 01 0A 00 00 00 FF FF 00 00 00 FF E9 00 00 00 00 00 00 00 00 00 00 00 00 00 00 00 57 00 5F 00 D4 
 02 6F 00 00 FF E9 03 01 0A 00 00 00 FF FF 00 00 00 FF E9 00 00 00 00 00 00 00 00 00 00 00 00 00 00 00 56 00 5E 00 D2 
 02 6F 00 00 FF E9 03 01 0A 00 00 00 FF FF 00 00 00 FF E9 00 00 00 00 00 00 00 00 00 01 00 00 00 00 00 58 00 61 00 D8 
 02 6F 00 00 FF E9 03 01 0A 00 00 00 FF FF 00 00 00 FF E9 00 00 00 00 00 00 00 00 00 02 00 00 00 00 00 58 00 62 00 DA 
 02 6F 00 00 FF E9 03 01 0A 00 00 00 FF FF 00 00 00 FF E9 00 00 00 00 00 00 00 00 00 01 00 00 00 00 00 57 00 5E 00 D4 
 02 6F 00 00 FF E9 03 01 0A 00 00 00 FF FF 00 00 00 FF E9 00 00 00 00 00 00 00 00 00 00 00 00 00 00 00 58 00 5D 00 D3 
 02 6F 00 00 FF E9 03 01 0A 00 00 00 FF FF 00 00 00 FF E9 00 00 00 00 00 00 00 00 00 00 00 00 00 00 00 57 00 5F 00 D4 
 02 6F 00 00 FF E9 03 01 0A 00 00 00 FF FF 00 00 00 FF E9 00 00 00 00 00 00 00 00 00 00 00 00 00 00 00 55 00 62 00 D5 
 02 6F 00 00 FF E9 03 01 0A 00 00 00 FF FF 00 00 00 FF E9 00 00 00 00 00 00 00 00 00 00 00 00 00 00 00 5A 00 62 00 DA 
 02 6F 00 00 FF E9 03 01 0A 00 00 00 FF FF 00 00 00 FF E9 00 00 00 00 00 00 00 00 00 00 00 00 00 00 00 58 00 62 00 D8 
 02 6F 00 00 FF E9 03 01 0A 00 00 00 FF FF 00 00 00 FF E9 00 00 00 00 00 00 00 00 00 00 00 00 00 00 00 57 00 61 00 D6 
 02 6F 00 00 FF E9 03 01 0A 00 00 00 FF FF 00 00 00 FF E9 00 00 00 00 00 00 00 00 00 01 00 00 00 00 00 58 00 63 00 DA 
 02 6F 00 00 FF E9 03 01 0A 00 00 00 FF FF 00 00 00 FF E9 00 00 00 00 00 00 00 00 00 00 00 00 00 00 00 58 00 5F 00 D5 
 02 6F 00 00 FF E9 03 01 0A 00 00 00 FF FF 00 00 00 FF E9 00 00 00 00 00 00 00 00 00 00 00 00 00 00 00 58 00 5F 00 D5 
 02 6F 00 00 FF E9 03 01 0A 00 00 00 FF FF 00 00 00 FF E9 00 00 00 00 00 00 00 00 00 00 00 00 00 00 00 57 00 62 00 D7 
 02 6F 00 00 FF E9 03 01 0A 00 00 00 FF FF 00 00 00 FF E9 00 00 00 00 00 00 00 00 00 01 00 00 00 00 00 58 00 61 00 D8 
 02 6F 00 00 FF E9 03 01 0A 00 00 00 FF FF 00 00 00 FF E9 00 00 00 00 00 00 00 00 00 00 00 00 00 00 00 59 00 61 00 D8 
 02 6F 00 00 FF E9 03 01 0A 00 00 00 FF FF 00 00 00 FF E9 00 00 00 00 00 00 00 00 00 00 00 00 00 00 00 58 00 61 00 D7 
 02 6F 00 00 FF E9 03 01 0A 00 00 00 FF FF 00 00 00 FF E9 00 00 00 00 00 00 00 00 00 00 00 00 00 00 00 58 00 5E 00 D4 
 02 6F 00 00 FF E9 03 01 0A 00 00 00 FF FF 00 00 00 FF E9 00 00 00 00 00 00 00 00 00 00 00 00 00 00 00 58 00 5E 00 D4 
 02 6F 00 00 FF E9 03 01 0A 00 00 00 FF FF 00 00 00 FF E9 00 00 00 00 00 00 00 00 00 01 00 00 00 00 00 57 00 61 00 D7 
 02 6F 00 00 FF E9 03 01 0A 00 00 00 FF FF 00 00 00 FF E9 00 00 00 00 00 00 00 00 00 00 00 00 00 00 00 58 00 60 00 D6 
 02 6F 00 00 FF E9 03 01 0A 00 00 00 FF FF 00 00 00 FF E9 00 00 00 00 00 00 00 00 00 00 00 00 00 00 00 59 00 62 00 D9 
 02 6F 00 00 FF E9 03 01 0A 00 00 00 FF FF 00 00 00 FF E9 00 00 00 00 00 00 00 00 00 00 00 00 00 00 00 5A 00 5C 00 D4 
 02 6F 00 00 FF E9 03 01 0A 00 00 00 FF FF 00 00 00 FF E9 00 00 00 00 00 00 00 00 00 00 00 00 00 00 00 58 00 5F 00 D5 
 02 6F 00 00 FF E9 03 01 0A 00 00 00 FF FF 00 00 00 FF E9 00 00 00 00 00 00 00 00 00 00 00 00 00 00 00 57 00 5D 00 D2 
 02 6F 00 00 FF E9 03 01 0A 00 00 00 FF FF 00 00 00 FF E9 00 00 00 00 00 00 00 00 00 00 00 00 00 00 00 56 00 5F 00 D3 
 02 6F 00 00 FF E9 03 01 0A 00 00 00 FF FF 00 00 00 FF E9 00 00 00 00 00 00 00 00 00 00 00 00 00 00 00 56 00 62 00 D6 
 02 6F 00 00 FF E9 03 01 0A 00 00 00 FF FF 00 00 00 FF E9 00 00 00 00 00 00 00 00 00 01 00 00 00 00 00 5A 00 60 00 D9 
 02 6F 00 00 FF E9 03 01 0A 00 00 00 FF FF 00 00 00 FF E9 00 00 00 00 00 00 00 00 00 00 00 00 00 00 00 58 00 60 00 D6 
 02 6F 00 00 FF E9 03 01 0A 00 00 00 FF FF 00 00 00 FF E9 00 00 00 00 00 00 00 00 00 00 00 00 00 00 00 59 00 62 00 D9 
 02 6F 00 00 FF E9 03 01 0A 00 00 00 FF FF 00 00 00 FF E9 00 00 00 00 00 00 00 00 00 00 00 00 00 00 00 58 00 61 00 D7 
 02 6F 00 00 FF E9 03 01 0A 00 00 00 FF FF 00 00 00 FF E9 00 00 00 00 00 00 00 00 00 00 00 00 00 00 00 58 00 61 00 D7 
 02 6F 00 00 FF E9 03 01 0A 00 00 00 FF FF 00 00 00 FF E9 00 00 00 00 00 00 00 00 00 00 00 00 00 00 00 55 00 66 00 D9 
 02 6F 00 00 FF E9 03 01 0A 00 00 00 FF FF 00 00 00 FF E9 00 00 00 00 00 00 00 00 00 00 00 00 00 00 00 56 00 62 00 D6 
 02 6F 00 00 FF E9 03 01 0A 00 00 00 FF FF 00 00 00 FF E9 00 00 00 00 00 00 00 00 00 00 00 00 00 00 00 56 00 5F 00 D3 
 02 6F 00 00 FF E9 03 01 0A 00 00 00 FF FF 00 00 00 FF E9 00 00 00 00 00 00 00 00 00 00 00 00 00 00 00 5A 00 61 00 D9 
 02 6F 00 00 FF E9 03 01 0A 00 00 00 FF FF 00 00 00 FF E9 00 00 00 00 00 00 00 00 00 00 00 00 00 00 00 57 00 61 00 D6 
 02 6F 00 00 FF E9 03 01 0A 00 00 00 FF FF 00 00 00 FF E9 00 00 00 00 00 00 00 00 00 00 00 00 00 00 00 57 00 5F 00 D4 
 02 6F 00 00 FF E9 03 01 0A 00 00 00 FF FF 00 00 00 FF E9 00 00 00 00 00 00 00 00 00 00 00 00 00 00 00 58 00 61 00 D7 
 02 6F 00 00 FF E9 03 01 0A 00 00 00 FF FF 00 00 00 FF E9 00 00 00 00 00 00 00 00 00 00 00 00 00 00 00 56 00 60 00 D4 
 02 6F 00 00 FF E9 03 01 0A 00 00 00 FF FF 00 00 00 FF E9 00 00 00 00 00 00 00 00 00 02 00 00 00 00 00 5B 00 62 00 DD 
 02 6F 00 00 FF E9 03 01 0A 00 00 00 FF FF 00 00 00 FF E9 00 00 00 00 00 00 00 00 00 00 00 00 00 00 00 56 00 61 00 D5 
 02 6F 00 00 FF E9 03 01 0A 00 00 00 FF FF 00 00 00 FF E9 00 00 00 00 00 00 00 00 00 00 00 00 00 00 00 5A 00 61 00 D9 
 02 6F 00 00 FF E9 03 01 0A 00 00 00 FF FF 00 00 00 FF E9 00 00 00 00 00 00 00 00 00 01 00 00 00 00 00 58 00 60 00 D7 
 02 6F 00 00 FF E9 03 01 0A 00 00 00 FF FF 00 00 00 FF E9 00 00 00 00 00 00 00 00 00 00 00 00 00 00 00 58 00 61 00 D7 
 02 6F 00 00 FF E9 03 01 0A 00 00 00 FF FF 00 00 00 FF E9 00 00 00 00 00 00 00 00 00 00 00 00 00 00 00 5A 00 5F 00 D7 
 02 6F 00 00 FF E9 03 01 0A 00 00 00 FF FF 00 00 00 FF E9 00 00 00 00 00 00 00 00 00 00 00 00 00 00 00 56 00 60 00 D4 
 02 6F 00 00 FF E9 03 01 0A 00 00 00 FF FF 00 00 00 FF E9 00 00 00 00 00 00 00 00 00 00 00 00 00 00 00 57 00 5F 00 D4 
 02 6F 00 00 FF E9 03 01 0A 00 00 00 FF FF 00 00 00 FF E9 00 00 00 00 00 00 00 00 00 01 00 00 00 00 00 58 00 5F 00 D6 
 02 6F 00 00 FF E9 03 01 0A 00 00 00 FF FF 00 00 00 FF E9 00 00 00 00 00 00 00 00 00 00 00 00 00 00 00 5C 00 63 00 DD 
 02 6F 00 00 FF E9 03 01 0A 00 00 00 FF FF 00 00 00 FF E9 00 00 00 00 00 00 00 00 00 00 00 00 00 00 00 57 00 61 00 D6 
 02 6F 00 00 FF E9 03 01 0A 00 00 00 FF FF 00 00 00 FF E9 00 00 00 00 00 00 00 00 00 00 00 00 00 00 00 58 00 63 00 D9 
 02 6F 00 00 FF E9 03 01 0A 00 00 00 FF FF 00 00 00 FF E9 00 00 00 00 00 00 00 00 00 01 00 00 00 00 00 58 00 5F 00 D6 
 02 6F 00 00 FF E9 03 01 0A 00 00 00 FF FF 00 00 00 FF E9 00 00 00 00 00 00 00 00 00 00 00 00 00 00 00 58 00 61 00 D7 
 02 6F 00 00 FF E9 03 01 0A 00 00 00 FF FF 00 00 00 FF E9 00 00 00 00 00 00 00 00 00 00 00 00 00 00 00 5A 00 64 00 DC 
 02 6F 00 00 FF E9 03 01 0A 00 00 00 FF FF 00 00 00 FF E9 00 00 00 00 00 00 00 00 00 00 00 00 00 00 00 58 00 61 00 D7 
 02 6F 00 00 FF E9 03 01 0A 00 00 00 FF FF 00 00 00 FF E9 00 00 00 00 00 00 00 00 00 00 00 00 00 00 00 5C 00 5F 00 D9 
 02 6F 00 00 FF E9 03 01 0A 00 00 00 FF FF 00 00 00 FF E9 00 00 00 00 00 00 00 00 00 00 00 00 00 00 00 57 00 5D 00 D2 
 02 6F 00 00 FF E9 03 01 0A 00 00 00 FF FF 00 00 00 FF E9 00 00 00 00 00 00 00 00 00 00 00 00 00 00 00 5A 00 63 00 DB 
 02 6F 00 00 FF E9 03 01 0A 00 00 00 FF FF 00 00 00 FF E9 00 00 00 00 00 00 00 00 00 00 00 00 00 00 00 5A 00 61 00 D9 
 02 6F 00 00 FF E9 03 01 0A 00 00 00 FF FF 00 00 00 FF E9 00 00 00 00 00 00 00 00 00 00 00 00 00 00 00 57 00 61 00 D6 
 02 6F 00 00 FF E9 03 01 0A 00 00 00 FF FF 00 00 00 FF E9 00 00 00 00 00 00 00 00 00 00 00 00 00 00 00 5D 00 68 00 E3 
 02 6F 00 00 FF E9 03 01 0A 00 00 00 FF FF 00 00 00 FF E9 00 00 00 00 00 00 00 00 00 01 00 00 00 00 00 57 00 5F 00 D5 
 02 6F 00 00 FF E9 03 01 0A 00 00 00 FF FF 00 00 00 FF E9 00 00 00 00 00 00 00 00 00 00 00 00 00 00 00 58 00 5F 00 D5 
 02 6F 00 00 FF E9 03 01 0A 00 00 00 FF FF 00 00 00 FF E9 00 00 00 00 00 00 00 00 00 00 00 00 00 00 00 59 00 60 00 D7 
 02 6F 00 00 FF E9 03 01 0A 00 00 00 FF FF 00 00 00 FF E9 00 00 00 00 00 00 00 00 00 00 00 00 00 00 00 57 00 61 00 D6 
 02 6F 00 00 FF E9 03 01 0A 00 00 00 FF FF 00 00 00 FF E9 00 00 00 00 00 00 00 00 00 00 00 00 00 00 00 5A 00 5F 00 D7 
 02 6F 00 00 FF E9 03 01 0A 00 00 00 FF FF 00 00 00 FF E9 00 00 00 00 00 00 00 00 00 02 00 00 00 00 00 58 00 60 00 D8 
 02 6F 00 00 FF E9 03 01 0A 00 00 00 FF FF 00 00 00 FF E9 00 00 00 00 00 00 00 00 00 00 00 00 00 00 00 59 00 61 00 D8 
 02 6F 00 00 FF E9 03 01 0A 00 00 00 FF FF 00 00 00 FF E9 00 00 00 00 00 00 00 00 00 01 00 00 00 00 00 57 00 60 00 D6 
 02 6F 00 00 FF E9 03 01 0A 00 00 00 FF FF 00 00 00 FF E9 00 00 00 00 00 00 00 00 00 00 00 00 00 00 00 58 00 62 00 D8 
 02 6F 00 00 FF E9 03 01 0A 00 00 00 FF FF 00 00 00 FF E9 00 00 00 00 00 00 00 00 00 00 00 00 00 00 00 57 00 61 00 D6 
 02 6F 00 00 FF E9 03 01 0A 00 00 00 FF FF 00 00 00 FF E9 00 00 00 00 00 00 00 00 00 00 00 00 00 00 00 58 00 5F 00 D5 
 02 6F 00 00 FF E9 03 01 0A 00 00 00 FF FF 00 00 00 FF E9 00 00 00 00 00 00 00 00 00 00 00 00 00 00 00 58 00 5F 00 D5 
 02 6F 00 00 FF E9 03 01 0A 00 00 00 FF FF 00 00 00 FF E9 00 00 00 00 00 00 00 00 00 00 00 00 00 00 00 5C 00 61 00 DB 
 02 6F 00 00 FF E9 03 01 0A 00 00 00 FF FF 00 00 00 FF E9 00 00 00 00 00 00 00 00 00 00 00 00 00 00 00 57 00 64 00 D9 
 02 6F 00 00 FF E9 03 01 0A 00 00 00 FF FF 00 00 00 FF E9 00 00 00 00 00 00 00 00 00 00 00 00 00 00 00 56 00 5F 00 D3 
 02 6F 00 00 FF E9 03 01 0A 00 00 00 FF FF 00 00 00 FF E9 00 00 00 00 00 00 00 00 00 00 00 00 00 00 00 59 00 62 00 D9 
 02 6F 00 00 FF E9 03 01 0A 00 00 00 FF FF 00 00 00 FF E9 00 00 00 00 00 00 00 00 00 00 00 00 00 00 00 59 00 60 00 D7 
 02 6F 00 00 FF E9 03 01 0A 00 00 00 FF FF 00 00 00 FF E9 00 00 00 00 00 00 00 00 00 00 00 00 00 00 00 56 00 5F 00 D3 
 02 6F 00 00 FF E9 03 01 0A 00 00 00 FF FF 00 00 00 FF E9 00 00 00 00 00 00 00 00 00 00 00 00 00 00 00 57 00 61 00 D6 
 02 6F 00 00 FF E9 03 01 0A 00 00 00 FF FF 00 00 00 FF E9 00 00 00 00 00 00 00 00 00 00 00 00 00 00 00 57 00 5E 00 D3 
 02 6F 00 00 FF E9 03 01 0A 00 00 00 FF FF 00 00 00 FF E9 00 00 00 00 00 00 00 00 00 00 00 00 00 00 00 5E 00 62 00 DE 
 02 6F 00 00 FF E9 03 01 0A 00 00 00 FF FF 00 00 00 FF E9 00 00 00 00 00 00 00 00 00 02 00 00 00 00 00 58 00 61 00 D9 
 02 6F 00 00 FF E9 03 01 0A 00 00 00 FF FF 00 00 00 FF E9 00 00 00 00 00 00 00 00 00 00 00 00 00 00 00 57 00 60 00 D5 
 02 6F 00 00 FF E9 03 01 0A 00 00 00 FF FF 00 00 00 FF E9 00 00 00 00 00 00 00 00 00 00 00 00 00 00 00 5A 00 62 00 DA 
 02 6F 00 00 FF E9 03 01 0A 00 00 00 FF FF 00 00 00 FF E9 00 00 00 00 00 00 00 00 00 00 00 00 00 00 00 5A 00 5F 00 D7 
 02 6F 00 00 FF E9 03 01 0A 00 00 00 FF FF 00 00 00 FF E9 00 00 00 00 00 00 00 00 00 00 00 00 00 00 00 5B 00 66 00 DF 
 02 6F 00 00 FF E9 03 01 0A 00 00 00 FF FF 00 00 00 FF E9 00 00 00 00 00 00 00 00 00 00 00 00 00 00 00 59 00 61 00 D8 
 02 6F 00 00 FF E9 03 01 0A 00 00 00 FF FF 00 00 00 FF E9 00 00 00 00 00 00 00 00 00 01 00 00 00 00 00 58 00 5F 00 D6 
 02 6F 00 00 FF E9 03 01 0A 00 00 00 FF FF 00 00 00 FF E9 00 00 00 00 00 00 00 00 00 00 00 00 00 00 00 58 00 62 00 D8 
 02 6F 00 00 FF E9 03 01 0A 00 00 00 FF FF 00 00 00 FF E9 00 00 00 00 00 00 00 00 00 00 00 00 00 00 00 61 00 64 00 E3 
 02 6F 00 00 FF E9 03 01 0A 00 00 00 FF FF 00 00 00 FF E9 00 00 00 00 00 00 00 00 00 00 00 00 00 00 00 59 00 5F 00 D6 
 02 6F 00 00 FF E9 03 01 0A 00 00 00 FF FF 00 00 00 FF E9 00 00 00 00 00 00 00 00 00 00 00 00 00 00 00 57 00 5E 00 D3 
 02 6F 00 00 FF E9 03 01 0A 00 00 00 FF FF 00 00 00 FF E9 00 00 00 00 00 00 00 00 00 00 00 00 00 00 00 57 00 63 00 D8 
 02 6F 00 00 FF E9 03 01 0A 00 00 00 FF FF 00 00 00 FF E9 00 00 00 00 00 00 00 00 00 00 00 00 00 00 00 57 00 5E 00 D3 
 02 6F 00 00 FF E9 03 01 0A 00 00 00 FF FF 00 00 00 FF E9 00 00 00 00 00 00 00 00 00 00 00 00 00 00 00 5A 00 61 00 D9 
 02 6F 00 00 FF E9 03 01 0A 00 00 00 FF FF 00 00 00 FF E9 00 00 00 00 00 00 00 00 00 00 00 00 00 00 00 56 00 5F 00 D3 
 02 6F 00 00 FF E9 03 01 0A 00 00 00 FF FF 00 00 00 FF E9 00 00 00 00 00 00 00 00 00 00 00 00 00 00 00 56 00 62 00 D6 
 02 6F 00 00 FF E9 03 01 0A 00 00 00 FF FF 00 00 00 FF E9 00 00 00 00 00 00 00 00 00 02 00 00 00 00 00 59 00 5F 00 D8 
 02 6F 00 00 FF E9 03 01 0A 00 00 00 FF FF 00 00 00 FF E9 00 00 00 00 00 00 00 00 00 00 00 00 00 00 00 5F 00 5F 00 DC 
 02 6F 00 00 FF E9 03 01 0A 00 00 00 FF FF 00 00 00 FF E9 00 00 00 00 00 00 00 00 00 00 00 00 00 00 00 5A 00 65 00 DD 
 02 6F 00 00 FF E9 03 01 0A 00 00 00 FF FF 00 00 00 FF E9 00 00 00 00 00 00 00 00 00 00 00 00 00 00 00 58 00 5E 00 D4 
 02 6F 00 00 FF E9 03 01 0A 00 00 00 FF FF 00 00 00 FF E9 00 00 00 00 00 00 00 00 00 00 00 00 00 00 00 57 00 61 00 D6 
 02 6F 00 00 FF E9 03 01 0A 00 00 00 FF FF 00 00 00 FF E9 00 00 00 00 00 00 00 00 00 00 00 00 00 00 00 58 00 5E 00 D4 
 02 6F 00 00 FF E9 03 01 0A 00 00 00 FF FF 00 00 00 FF E9 00 00 00 00 00 00 00 00 00 00 00 00 00 00 00 58 00 5F 00 D5 
 02 6F 00 00 FF E9 03 01 0A 00 00 00 FF FF 00 00 00 FF E9 00 00 00 00 00 00 00 00 00 00 00 00 00 00 00 57 00 62 00 D7 
 02 6F 00 00 FF E9 03 01 0A 00 00 00 FF FF 00 00 00 FF E9 00 00 00 00 00 00 00 00 00 00 00 00 00 00 00 56 00 60 00 D4 
 02 6F 00 00 FF E9 03 01 0A 00 00 00 FF FF 00 00 00 FF E9 00 00 00 00 00 00 00 00 00 00 00 00 00 00 00 5A 00 62 00 DA 
 02 6F 00 00 FF E9 03 01 0A 00 00 00 FF FF 00 00 00 FF E9 00 00 00 00 00 00 00 00 00 00 00 00 00 00 00 58 00 60 00 D6 
 02 6F 00 00 FF E9 03 01 0A 00 00 00 FF FF 00 00 00 FF E9 00 00 00 00 00 00 00 00 00 00 00 00 00 00 00 58 00 62 00 D8 
 02 6F 00 00 FF E9 03 01 0A 00 00 00 FF FF 00 00 00 FF E9 00 00 00 00 00 00 00 00 00 00 00 00 00 00 00 5C 00 61 00 DB 
 02 6F 00 00 FF E9 03 01 0A 00 00 00 FF FF 00 00 00 FF E9 00 00 00 00 00 00 00 00 00 00 00 00 00 00 00 59 00 61 00 D8 
 02 6F 00 00 FF E9 03 01 0A 00 00 00 FF FF 00 00 00 FF E9 00 00 00 00 00 00 00 00 00 00 00 00 00 00 00 59 00 64 00 DB 
 02 6F 00 00 FF E9 03 01 0A 00 00 00 FF FF 00 00 00 FF E9 00 00 00 00 00 00 00 00 00 00 00 00 00 00 00 5A 00 62 00 DA 
 02 6F 00 00 FF E9 03 01 0A 00 00 00 FF FF 00 00 00 FF E9 00 00 00 00 00 00 00 00 00 00 00 00 00 00 00 58 00 64 00 DA 
 02 6F 00 00 FF E9 03 01 0A 00 00 00 FF FF 00 00 00 FF E9 00 00 00 00 00 00 00 00 00 00 00 00 00 00 00 5C 00 5F 00 D9 
 02 6F 00 00 FF E9 03 01 0A 00 00 00 FF FF 00 00 00 FF E9 00 00 00 00 00 00 00 00 00 00 00 00 00 00 00 57 00 61 00 D6 
 02 6F 00 00 FF E9 03 01 0A 00 00 00 FF FF 00 00 00 FF E9 00 00 00 00 00 00 00 00 00 00 00 00 00 00 00 58 00 5F 00 D5 
 02 6F 00 00 FF E9 03 01 0A 00 00 00 FF FF 00 00 00 FF E9 00 00 00 00 00 00 00 00 00 00 00 00 00 00 00 56 00 62 00 D6 
 02 6F 00 00 FF E9 03 01 0A 00 00 00 FF FF 00 00 00 FF E9 00 00 00 00 00 00 00 00 00 00 00 00 00 00 00 59 00 60 00 D7 
 02 6F 00 00 FF E9 03 01 0A 00 00 00 FF FF 00 00 00 FF E9 00 00 00 00 00 00 00 00 00 00 00 00 00 00 00 58 00 61 00 D7 
 02 6F 00 00 FF E9 03 01 0A 00 00 00 FF FF 00 00 00 FF E9 00 00 00 00 00 00 00 00 00 02 00 00 00 00 00 59 00 63 00 DC 
 02 6F 00 00 FF E9 03 01 0A 00 00 00 FF FF 00 00 00 FF E9 00 00 00 00 00 00 00 00 00 01 00 00 00 00 00 59 00 60 00 D8 
 02 6F 00 00 FF E9 03 01 0A 00 00 00 FF FF 00 00 00 FF E9 00 00 00 00 00 00 00 00 00 00 00 00 00 00 00 5C 00 66 00 E0 
 02 6F 00 00 FF E9 03 01 0A 00 00 00 FF FF 00 00 00 FF E9 00 00 00 00 00 00 00 00 00 02 00 00 00 00 00 56 00 5F 00 D5 
 02 6F 00 00 FF E9 03 01 0A 00 00 00 FF FF 00 00 00 FF E9 00 00 00 00 00 00 00 00 00 00 00 00 00 00 00 58 00 62 00 D8 
 02 6F 00 00 FF E9 03 01 0A 00 00 00 FF FF 00 00 00 FF E9 00 00 00 00 00 00 00 00 00 00 00 00 00 00 00 55 00 62 00 D5 
 02 6F 00 00 FF E9 03 01 0A 00 00 00 FF FF 00 00 00 FF E9 00 00 00 00 00 00 00 00 00 00 00 00 00 00 00 58 00 63 00 D9 
 02 6F 00 00 FF E9 03 01 0A 00 00 00 FF FF 00 00 00 FF E9 00 00 00 00 00 00 00 00 00 00 00 00 00 00 00 56 00 62 00 D6 
 02 6F 00 00 FF E9 03 01 0A 00 00 00 FF FF 00 00 00 FF E9 00 00 00 00 00 00 00 00 00 01 00 00 00 00 00 58 00 61 00 D8 
 02 6F 00 00 FF E9 03 01 0A 00 00 00 FF FF 00 00 00 FF E9 00 00 00 00 00 00 00 00 00 00 00 00 00 00 00 5B 00 63 00 DC 
 02 6F 00 00 FF E9 03 01 0A 00 00 00 FF FF 00 00 00 FF E9 00 00 00 00 00 00 00 00 00 00 00 00 00 00 00 59 00 62 00 D9 
 02 6F 00 00 FF E9 03 01 0A 00 00 00 FF FF 00 00 00 FF E9 00 00 00 00 00 00 00 00 00 00 00 00 00 00 00 56 00 63 00 D7 
 02 6F 00 00 FF E9 03 01 0A 00 00 00 FF FF 00 00 00 FF E9 00 00 00 00 00 00 00 00 00 00 00 00 00 00 00 57 00 61 00 D6 
 02 6F 00 00 FF E9 03 01 0A 00 00 00 FF FF 00 00 00 FF E9 00 00 00 00 00 00 00 00 00 00 00 00 00 00 00 57 00 61 00 D6 
 02 6F 00 00 FF E9 03 01 0A 00 00 00 FF FF 00 00 00 FF E9 00 00 00 00 00 00 00 00 00 00 00 00 00 00 00 5B 00 61 00 DA 
 02 6F 00 00 FF E9 03 01 0A 00 00 00 FF FF 00 00 00 FF E9 00 00 00 00 00 00 00 00 00 00 00 00 00 00 00 5A 00 60 00 D8 
 02 6F 00 00 FF E9 03 01 0A 00 00 00 FF FF 00 00 00 FF E9 00 00 00 00 00 00 00 00 00 00 00 00 00 00 00 5C 00 60 00 DA 