 00 2F 00 00 00 00 00 00 00 00 00 00 FF FF 00 00 00 00 00 00 00 00 00 00 00 00 00 08 01 00 00 00 00 08 BB 07 F4 00 C5 
 00 2F 00 00 00 00 00 00 00 00 00 00 FF FF 00 00 00 00 00 00 00 00 00 00 00 00 00 08 11 00 00 00 00 08 7F 08 05 00 AB 
 00 2F 00 00 00 00 00 00 00 00 00 00 FF FF 00 00 00 00 00 00 00 00 00 00 00 00 00 08 0D 00 00 00 00 08 86 08 04 00 AD 
 00 2F 00 00 00 00 00 00 00 00 00 00 FF FF 00 00 00 00 00 00 00 00 00 00 00 00 00 08 16 00 00 00 00 08 8A 08 0C 00 C2 
 00 27 00 00 00 00 00 00 00 00 00 00 FF FF 00 00 00 00 00 00 00 00 00 00 00 00 00 08 17 00 00 00 00 09 14 08 39 00 73 
 00 27 00 00 00 00 00 00 00 00 00 00 FF FF 00 00 00 00 00 00 00 00 00 00 00 00 00 08 0E 00 00 00 00 08 F9 08 35 00 4A 
 00 29 00 00 00 00 00 00 00 00 00 00 FF FF 00 00 00 00 00 00 00 00 00 00 00 00 00 08 16 00 00 00 00 08 E9 08 2C 00 3B 
 00 29 00 00 00 00 00 00 00 00 00 00 FF FF 00 00 00 00 00 00 00 00 00 00 00 00 00 08 0C 00 00 00 00 08 E0 08 17 00 13 
 00 29 00 00 00 00 00 00 00 00 00 00 FF FF 00 00 00 00 00 00 00 00 00 00 00 00 00 07 F6 00 00 00 00 08 99 07 E6 00 83 
 00 26 00 00 00 00 00 00 00 00 00 00 FF FF 00 00 00 00 00 00 00 00 00 00 00 00 00 08 14 00 00 00 00 09 1A 08 2F 00 6B 
 00 26 00 00 00 00 00 00 00 00 00 00 FF FF 00 00 00 00 00 00 00 00 00 00 00 00 00 07 FC 00 00 00 00 08 B0 07 F3 00 AA 
 00 28 00 00 00 00 00 00 00 00 00 00 FF FF 00 00 00 00 00 00 00 00 00 00 00 00 00 08 15 00 00 00 00 08 87 08 05 00 B0 
 00 28 00 00 00 00 00 00 00 00 00 00 FF FF 00 00 00 00 00 00 00 00 00 00 00 00 00 08 10 00 00 00 00 09 09 08 31 00 5A 
 00 28 00 00 00 00 00 00 00 00 00 00 FF FF 00 00 00 00 00 00 00 00 00 00 00 00 00 08 0C 00 00 00 00 08 F1 08 2D 00 39 
 00 28 00 00 00 00 00 00 00 00 00 00 FF FF 00 00 00 00 00 00 00 00 00 00 00 00 00 08 0E 00 00 00 00 08 E4 08 24 00 25 
 00 28 00 00 00 00 00 00 00 00 00 00 FF FF 00 00 00 00 00 00 00 00 00 00 00 00 00 07 F6 00 00 00 00 08 7F 07 D2 00 54 
 00 22 00 00 00 00 00 00 00 00 00 00 FF FF 00 00 00 00 00 00 00 00 00 00 00 00 00 08 1E 00 00 00 00 09 0B 08 37 00 6A 
 00 22 00 00 00 00 00 00 00 00 00 00 FF FF 00 00 00 00 00 00 00 00 00 00 00 00 00 08 1C 00 00 00 00 09 1F 08 44 00 89 
 00 22 00 00 00 00 00 00 00 00 00 00 FF FF 00 00 00 00 00 00 00 00 00 00 00 00 00 08 16 00 00 00 00 08 7F 08 08 00 A6 
 00 26 00 00 00 00 00 00 00 00 00 00 FF FF 00 00 00 00 00 00 00 00 00 00 00 00 00 08 02 00 00 00 00 08 B7 07 EB 00 B0 
 00 26 00 00 00 00 00 00 00 00 00 00 FF FF 00 00 00 00 00 00 00 00 00 00 00 00 00 08 2F 00 00 00 00 08 79 07 FF 00 B3 
 00 24 00 00 00 00 00 00 00 00 00 00 FF FF 00 00 00 00 00 00 00 00 00 00 00 00 00 08 03 00 00 00 00 08 AB 07 E1 00 99 
 00 24 00 00 00 00 00 00 00 00 00 00 FF FF 00 00 00 00 00 00 00 00 00 00 00 00 00 08 15 00 00 00 00 08 7E 08 07 00 A5 
 00 24 00 00 00 00 00 00 00 00 00 00 FF FF 00 00 00 00 00 00 00 00 00 00 00 00 00 07 F6 00 00 00 00 08 A5 07 DE 00 82 
 00 25 00 00 00 00 00 00 00 00 00 00 FF FF 00 00 00 00 00 00 00 00 00 00 00 00 00 08 10 00 00 00 00 08 86 08 04 00 A6 
 00 25 00 00 00 00 00 00 00 00 00 00 FF FF 00 00 00 00 00 00 00 00 00 00 00 00 00 07 FA 00 00 00 00 08 B9 07 EE 00 AB 
 00 24 00 00 00 00 00 00 00 00 00 00 FF FF 00 00 00 00 00 00 00 00 00 00 00 00 00 08 0D 00 00 00 00 08 84 08 02 00 9E 
 00 24 00 00 00 00 00 00 00 00 00 00 FF FF 00 00 00 00 00 00 00 00 00 00 00 00 00 08 02 00 00 00 00 08 B1 07 E0 00 9D 
 00 24 00 00 00 00 00 00 00 00 00 00 FF FF 00 00 00 00 00 00 00 00 00 00 00 00 00 08 16 00 00 00 00 09 19 08 3F 00 7A 
 00 25 00 00 00 00 00 00 00 00 00 00 FF FF 00 00 00 00 00 00 00 00 00 00 00 00 00 08 15 00 00 00 00 09 1A 08 3D 00 79 
 00 25 00 00 00 00 00 00 00 00 00 00 FF FF 00 00 00 00 00 00 00 00 00 00 00 00 00 08 1F 00 00 00 00 09 20 08 3E 00 8A 
 00 26 00 00 00 00 00 00 00 00 00 00 FF FF 00 00 00 00 00 00 00 00 00 00 00 00 00 08 11 00 00 00 00 09 1B 08 3E 00 78 
 00 26 00 00 00 00 00 00 00 00 00 00 FF FF 00 00 00 00 00 00 00 00 00 00 00 00 00 07 FA 00 00 00 00 08 C5 07 F1 00 BB 
 00 26 00 00 00 00 00 00 00 00 00 00 FF FF 00 00 00 00 00 00 00 00 00 00 00 00 00 08 12 00 00 00 00 08 79 08 00 00 98 
 00 24 00 00 00 00 00 00 00 00 00 00 FF FF 00 00 00 00 00 00 00 00 00 00 00 00 00 08 09 00 00 00 00 09 13 08 2C 00 54 
 00 24 00 00 00 00 00 00 00 00 00 00 FF FF 00 00 00 00 00 00 00 00 00 00 00 00 00 07 F6 00 00 00 00 08 97 07 DB 00 71 
 00 24 00 00 00 00 00 00 00 00 00 00 FF FF 00 00 00 00 00 00 00 00 00 00 00 00 00 07 F6 00 00 00 00 08 8B 07 D1 00 5B 
 00 24 00 00 00 00 00 00 00 00 00 00 FF FF 00 00 00 00 00 00 00 00 00 00 00 00 00 08 1A 00 00 00 00 09 10 08 37 00 6D 
 00 24 00 00 00 00 00 00 00 00 00 00 FF FF 00 00 00 00 00 00 00 00 00 00 00 00 00 07 FD 00 00 00 00 08 AA 07 E6 00 96 
 00 23 00 00 00 00 00 00 00 00 00 00 FF FF 00 00 00 00 00 00 00 00 00 00 00 00 00 07 FF 00 00 00 00 08 B1 07 EA 00 A2 
 00 23 00 00 00 00 00 00 00 00 00 00 FF FF 00 00 00 00 00 00 00 00 00 00 00 00 00 08 19 00 00 00 00 09 24 08 45 00 8D 
 00 23 00 00 00 00 00 00 00 00 00 00 FF FF 00 00 00 00 00 00 00 00 00 00 00 00 00 07 FD 00 00 00 00 08 B5 07 EE 00 A8 
 00 22 00 00 00 00 00 00 00 00 00 00 FF FF 00 00 00 00 00 00 00 00 00 00 00 00 00 07 FE 00 00 00 00 08 C5 07 E5 00 AF 
 00 22 00 00 00 00 00 00 00 00 00 00 FF FF 00 00 00 00 00 00 00 00 00 00 00 00 00 07 F3 00 00 00 00 08 AA 07 E2 00 86 
 00 20 00 00 00 00 00 00 00 00 00 00 FF FF 00 00 00 00 00 00 00 00 00 00 00 00 00 07 F8 00 00 00 00 08 B5 07 ED 00 9F 
 00 20 00 00 00 00 00 00 00 00 00 00 FF FF 00 00 00 00 00 00 00 00 00 00 00 00 00 07 FF 00 00 00 00 08 B7 07 F0 00 AB 
 00 23 00 00 00 00 00 00 00 00 00 00 FF FF 00 00 00 00 00 00 00 00 00 00 00 00 00 07 FC 00 00 00 00 08 B2 07 ED 00 A3 
 00 23 00 00 00 00 00 00 00 00 00 00 FF FF 00 00 00 00 00 00 00 00 00 00 00 00 00 07 FD 00 00 00 00 08 C3 07 E5 00 AD 
 00 23 00 00 00 00 00 00 00 00 00 00 FF FF 00 00 00 00 00 00 00 00 00 00 00 00 00 08 03 00 00 00 00 08 B7 07 F5 00 B8 
 00 21 00 00 00 00 00 00 00 00 00 00 FF FF 00 00 00 00 00 00 00 00 00 00 00 00 00 08 15 00 00 00 00 09 29 08 3E 00 85 
 00 21 00 00 00 00 00 00 00 00 00 00 FF FF 00 00 00 00 00 00 00 00 00 00 00 00 00 08 07 00 00 00 00 09 1F 08 3F 00 6E 
 00 1F 00 00 00 00 00 00 00 00 00 00 FF FF 00 00 00 00 00 00 00 00 00 00 00 00 00 08 10 00 00 00 00 09 1B 08 3C 00 6E 
 00 1F 00 00 00 00 00 00 00 00 00 00 FF FF 00 00 00 00 00 00 00 00 00 00 00 00 00 08 02 00 00 00 00 09 13 08 33 00 4F 
 00 1F 00 00 00 00 00 00 00 00 00 00 FF FF 00 00 00 00 00 00 00 00 00 00 00 00 00 08 0C 00 00 00 00 08 7F 08 05 00 96 
 00 20 00 00 00 00 00 00 00 00 00 00 FF FF 00 00 00 00 00 00 00 00 00 00 00 00 00 07 F5 00 00 00 00 08 A7 07 E1 00 82 
 00 20 00 00 00 00 00 00 00 00 00 00 FF FF 00 00 00 00 00 00 00 00 00 00 00 00 00 08 0C 00 00 00 00 09 19 08 3C 00 69 
 00 20 00 00 00 00 00 00 00 00 00 00 FF FF 00 00 00 00 00 00 00 00 00 00 00 00 00 07 FB 00 00 00 00 08 B5 07 ED 00 A2 
 00 20 00 00 00 00 00 00 00 00 00 00 FF FF 00 00 00 00 00 00 00 00 00 00 00 00 00 07 FB 00 00 00 00 08 99 07 DA 00 73 
 00 20 00 00 00 00 00 00 00 00 00 00 FF FF 00 00 00 00 00 00 00 00 00 00 00 00 00 08 14 00 00 00 00 09 17 08 3E 00 71 
 00 1C 00 00 00 00 00 00 00 00 00 00 FF FF 00 00 00 00 00 00 00 00 00 00 00 00 00 07 F7 00 00 00 00 08 B1 07 E9 00 92 
 00 1C 00 00 00 00 00 00 00 00 00 00 FF FF 00 00 00 00 00 00 00 00 00 00 00 00 00 07 FB 00 00 00 00 08 C6 07 E3 00 A5 
 00 1F 00 00 00 00 00 00 00 00 00 00 FF FF 00 00 00 00 00 00 00 00 00 00 00 00 00 07 FC 00 00 00 00 08 85 08 05 00 8B 
 00 1F 00 00 00 00 00 00 00 00 00 00 FF FF 00 00 00 00 00 00 00 00 00 00 00 00 00 08 27 00 00 00 00 08 79 07 F7 00 9C 
 00 1F 00 00 00 00 00 00 00 00 00 00 FF FF 00 00 00 00 00 00 00 00 00 00 00 00 00 08 03 00 00 00 00 08 B9 07 EC 00 AD 
 00 1C 00 00 00 00 00 00 00 00 00 00 FF FF 00 00 00 00 00 00 00 00 00 00 00 00 00 07 E4 00 00 00 00 08 C3 07 ED 00 95 
 00 1C 00 00 00 00 00 00 00 00 00 00 FF FF 00 00 00 00 00 00 00 00 00 00 00 00 00 07 E0 00 00 00 00 08 2E 07 B1 00 C0 
 00 23 00 00 00 00 00 00 00 00 00 00 FF FF 00 00 00 00 00 00 00 00 00 00 00 00 00 07 EE 00 00 00 00 08 F3 08 21 00 0B 
 00 23 00 00 00 00 00 00 00 00 00 00 FF FF 00 00 00 00 00 00 00 00 00 00 00 00 00 08 06 00 00 00 00 08 EE 08 23 00 21 
 00 23 00 00 00 00 00 00 00 00 00 00 FF FF 00 00 00 00 00 00 00 00 00 00 00 00 00 07 F0 00 00 00 00 08 9B 07 E1 00 74 
 00 25 00 00 00 00 00 00 00 00 00 00 FF FF 00 00 00 00 00 00 00 00 00 00 00 00 00 07 EE 00 00 00 00 08 B4 07 ED 00 99 
 00 25 00 00 00 00 00 00 00 00 00 00 FF FF 00 00 00 00 00 00 00 00 00 00 00 00 00 07 F7 00 00 00 00 08 FF 08 26 00 27 
 00 2B 00 00 00 00 00 00 00 00 00 00 FF FF 00 00 00 00 00 00 00 00 00 00 00 00 00 08 06 00 00 00 00 08 F3 08 28 00 33 
 00 2B 00 00 00 00 00 00 00 00 00 00 FF FF 00 00 00 00 00 00 00 00 00 00 00 00 00 08 0E 00 00 00 00 09 14 08 38 00 6D 
 00 2B 00 00 00 00 00 00 00 00 00 00 FF FF 00 00 00 00 00 00 00 00 00 00 00 00 00 07 FC 00 00 00 00 09 11 08 2C 00 4B 
 00 28 00 00 00 00 00 00 00 00 00 00 FF FF 00 00 00 00 00 00 00 00 00 00 00 00 00 08 7F 00 00 00 00 08 97 07 D8 00 FC 
 00 28 00 00 00 00 00 00 00 00 00 00 FF FF 00 00 00 00 00 00 00 00 00 00 00 00 00 08 85 00 00 00 00 08 A9 07 E1 00 1D 
 00 2C 00 00 00 00 00 00 00 00 00 00 FF FF 00 00 00 00 00 00 00 00 00 00 00 00 00 08 0C 00 00 00 00 09 27 08 3A 00 81 
 00 2C 00 00 00 00 00 00 00 00 00 00 FF FF 00 00 00 00 00 00 00 00 00 00 00 00 00 08 41 00 00 00 00 09 1F 08 3B 00 AF 
 00 2C 00 00 00 00 00 00 00 00 00 00 FF FF 00 00 00 00 00 00 00 00 00 00 00 00 00 07 F6 00 00 00 00 08 AE 07 E4 00 99 
 00 2B 00 00 00 00 00 00 00 00 00 00 FF FF 00 00 00 00 00 00 00 00 00 00 00 00 00 07 FB 00 00 00 00 09 0F 08 2D 00 49 
 00 2B 00 00 00 00 00 00 00 00 00 00 FF FF 00 00 00 00 00 00 00 00 00 00 00 00 00 07 DF 00 00 00 00 08 AF 07 DB 00 79 
 00 2D 00 00 00 00 00 00 00 00 00 00 FF FF 00 00 00 00 00 00 00 00 00 00 00 00 00 07 FE 00 00 00 00 08 F5 08 28 00 2E 
 00 2D 00 00 00 00 00 00 00 00 00 00 FF FF 00 00 00 00 00 00 00 00 00 00 00 00 00 07 F3 00 00 00 00 08 9A 07 D4 00 73 
 00 2D 00 00 00 00 00 00 00 00 00 00 FF FF 00 00 00 00 00 00 00 00 00 00 00 00 00 08 0C 00 00 00 00 08 EB 08 2F 00 3A 
 00 28 00 00 00 00 00 00 00 00 00 00 FF FF 00 00 00 00 00 00 00 00 00 00 00 00 00 07 FC 00 00 00 00 08 A6 07 E1 00 90 
 00 28 00 00 00 00 00 00 00 00 00 00 FF FF 00 00 00 00 00 00 00 00 00 00 00 00 00 08 3F 00 00 00 00 09 11 08 35 00 95 
 00 29 00 00 00 00 00 00 00 00 00 00 FF FF 00 00 00 00 00 00 00 00 00 00 00 00 00 08 38 00 00 00 00 09 0D 08 2E 00 84 
 00 29 00 00 00 00 00 00 00 00 00 00 FF FF 00 00 00 00 00 00 00 00 00 00 00 00 00 08 38 00 00 00 00 09 11 08 31 00 8B 
 00 29 00 00 00 00 00 00 00 00 00 00 FF FF 00 00 00 00 00 00 00 00 00 00 00 00 00 07 F1 00 00 00 00 09 1F 08 30 00 50 
 00 26 00 00 00 00 00 00 00 00 00 00 FF FF 00 00 00 00 00 00 00 00 00 00 00 00 00 07 EC 00 00 00 00 08 39 07 BC 00 EC 
 00 26 00 00 00 00 00 00 00 00 00 00 FF FF 00 00 00 00 00 00 00 00 00 00 00 00 00 08 03 00 00 00 00 08 F7 08 2D 00 34 
 00 1F 00 00 00 00 00 00 00 00 00 00 FF FF 00 00 00 00 00 00 00 00 00 00 00 00 00 07 F3 00 00 00 00 08 A7 07 E1 00 7F 
 00 1F 00 00 00 00 00 00 00 00 00 00 FF FF 00 00 00 00 00 00 00 00 00 00 00 00 00 07 EE 00 00 00 00 08 F1 08 23 00 07 
 00 1F 00 00 00 00 00 00 00 00 00 00 FF FF 00 00 00 00 00 00 00 00 00 00 00 00 00 07 E7 00 00 00 00 08 EE 08 23 00 FD 
 00 1C 00 00 00 00 00 00 00 00 00 00 FF FF 00 00 00 00 00 00 00 00 00 00 00 00 00 08 01 00 00 00 00 08 EB 08 1F 00 0E 
 00 1C 00 00 00 00 00 00 00 00 00 00 FF FF 00 00 00 00 00 00 00 00 00 00 00 00 00 07 EF 00 00 00 00 08 ED 08 26 00 04 
 00 1C 00 00 00 00 00 00 00 00 00 00 FF FF 00 00 00 00 00 00 00 00 00 00 00 00 00 07 E9 00 00 00 00 08 ED 08 21 00 F9 
 00 1C 00 00 00 00 00 00 00 00 00 00 FF FF 00 00 00 00 00 00 00 00 00 00 00 00 00 07 E7 00 00 00 00 08 F0 08 23 00 FC 
 00 1C 00 00 00 00 00 00 00 00 00 00 FF FF 00 00 00 00 00 00 00 00 00 00 00 00 00 07 AD 00 00 00 00 08 97 07 D2 00 17 
 00 1D 00 00 00 00 00 00 00 00 00 00 FF FF 00 00 00 00 00 00 00 00 00 00 00 00 00 07 E6 00 00 00 00 08 EF 08 22 00 FA 
 00 1D 00 00 00 00 00 00 00 00 00 00 FF FF 00 00 00 00 00 00 00 00 00 00 00 00 00 07 AB 00 00 00 00 08 95 07 D0 00 12 
 00 22 00 00 00 00 00 00 00 00 00 00 FF FF 00 00 00 00 00 00 00 00 00 00 00 00 00 07 E5 00 00 00 00 08 EF 08 21 00 FD 
 00 22 00 00 00 00 00 00 00 00 00 00 FF FF 00 00 00 00 00 00 00 00 00 00 00 00 00 07 E4 00 00 00 00 08 E9 08 1B 00 F0 
 00 22 00 00 00 00 00 00 00 00 00 00 FF FF 00 00 00 00 00 00 00 00 00 00 00 00 00 07 AF 00 00 00 00 08 95 07 CF 00 1A 
 00 22 00 00 00 00 00 00 00 00 00 00 FF FF 00 00 00 00 00 00 00 00 00 00 00 00 00 07 B5 00 00 00 00 08 95 07 D2 00 23 
 00 22 00 00 00 00 00 00 00 00 00 00 FF FF 00 00 00 00 00 00 00 00 00 00 00 00 00 07 E2 00 00 00 00 08 EF 08 21 00 FA 
 00 23 00 00 00 00 00 00 00 00 00 00 FF FF 00 00 00 00 00 00 00 00 00 00 00 00 00 07 AC 00 00 00 00 08 96 07 D0 00 1A 
 00 23 00 00 00 00 00 00 00 00 00 00 FF FF 00 00 00 00 00 00 00 00 00 00 00 00 00 07 B6 00 00 00 00 08 93 07 D1 00 22 
 00 23 00 00 00 00 00 00 00 00 00 00 FF FF 00 00 00 00 00 00 00 00 00 00 00 00 00 07 E6 00 00 00 00 08 EA 08 1C 00 F5 
 00 28 00 00 00 00 00 00 00 00 00 00 FF FF 00 00 00 00 00 00 00 00 00 00 00 00 00 07 E2 00 00 00 00 08 E6 08 17 00 ED 
 00 28 00 00 00 00 00 00 00 00 00 00 FF FF 00 00 00 00 00 00 00 00 00 00 00 00 00 07 E0 00 00 00 00 08 DE 08 17 00 E3 
 00 2A 00 00 00 00 00 00 00 00 00 00 FF FF 00 00 00 00 00 00 00 00 00 00 00 00 00 07 E4 00 00 00 00 08 E5 08 1B 00 F4 
 00 2A 00 00 00 00 00 00 00 00 00 00 FF FF 00 00 00 00 00 00 00 00 00 00 00 00 00 07 B1 00 00 00 00 08 8D 07 C9 00 16 
 00 2A 00 00 00 00 00 00 00 00 00 00 FF FF 00 00 00 00 00 00 00 00 00 00 00 00 00 07 E0 00 00 00 00 08 E9 08 1C 00 F5 
 00 2D 00 00 00 00 00 00 00 00 00 00 FF FF 00 00 00 00 00 00 00 00 00 00 00 00 00 07 AF 00 00 00 00 08 91 07 CC 00 1E 
 00 2D 00 00 00 00 00 00 00 00 00 00 FF FF 00 00 00 00 00 00 00 00 00 00 00 00 00 07 B7 00 00 00 00 08 98 07 CE 00 2F 
 00 30 00 00 00 00 00 00 00 00 00 00 FF FF 00 00 00 00 00 00 00 00 00 00 00 00 00 07 DD 00 00 00 00 08 ED 08 1E 00 FE 
 00 30 00 00 00 00 00 00 00 00 00 00 FF FF 00 00 00 00 00 00 00 00 00 00 00 00 00 07 E1 00 00 00 00 08 E7 08 19 00 F7 
 00 30 00 00 00 00 00 00 00 00 00 00 FF FF 00 00 00 00 00 00 00 00 00 00 00 00 00 07 B2 00 00 00 00 08 93 07 CD 00 27 
 00 2D 00 00 00 00 00 00 00 00 00 00 FF FF 00 00 00 00 00 00 00 00 00 00 00 00 00 07 E3 00 00 00 00 08 EB 08 1D 00 FE 
 00 2D 00 00 00 00 00 00 00 00 00 00 FF FF 00 00 00 00 00 00 00 00 00 00 00 00 00 07 DE 00 00 00 00 08 E7 08 19 00 F1 
 00 31 00 00 00 00 00 00 00 00 00 00 FF FF 00 00 00 00 00 00 00 00 00 00 00 00 00 07 B2 00 00 00 00 08 8F 07 C9 00 20 
 00 31 00 00 00 00 00 00 00 00 00 00 FF FF 00 00 00 00 00 00 00 00 00 00 00 00 00 07 B4 00 00 00 00 08 96 07 D1 00 31 
 00 31 00 00 00 00 00 00 00 00 00 00 FF FF 00 00 00 00 00 00 00 00 00 00 00 00 00 07 B0 00 00 00 00 08 97 07 CF 00 2C 
 00 31 00 00 00 00 00 00 00 00 00 00 FF FF 00 00 00 00 00 00 00 00 00 00 00 00 00 07 E2 00 00 00 00 08 EB 08 1D 00 01 
 00 31 00 00 00 00 00 00 00 00 00 00 FF FF 00 00 00 00 00 00 00 00 00 00 00 00 00 07 B0 00 00 00 00 08 8E 07 C8 00 1C 
 00 29 00 00 00 00 00 00 00 00 00 00 FF FF 00 00 00 00 00 00 00 00 00 00 00 00 00 07 DE 00 00 00 00 08 E1 08 16 00 E4 
 00 29 00 00 00 00 00 00 00 00 00 00 FF FF 00 00 00 00 00 00 00 00 00 00 00 00 00 07 B0 00 00 00 00 08 8B 07 C6 00 0F 
 00 29 00 00 00 00 00 00 00 00 00 00 FF FF 00 00 00 00 00 00 00 00 00 00 00 00 00 07 DA 00 00 00 00 08 E3 08 18 00 E4 
 00 27 00 00 00 00 00 00 00 00 00 00 FF FF 00 00 00 00 00 00 00 00 00 00 00 00 00 07 B2 00 00 00 00 08 8B 07 C6 00 0F 
 00 27 00 00 00 00 00 00 00 00 00 00 FF FF 00 00 00 00 00 00 00 00 00 00 00 00 00 07 E0 00 00 00 00 08 E0 08 11 00 DE 
 00 1D 00 00 00 00 00 00 00 00 00 00 FF FF 00 00 00 00 00 00 00 00 00 00 00 00 00 07 AE 00 00 00 00 08 8A 07 C6 00 00 
 00 1D 00 00 00 00 00 00 00 00 00 00 FF FF 00 00 00 00 00 00 00 00 00 00 00 00 00 07 E0 00 00 00 00 08 E3 08 19 00 DF 
 00 1D 00 00 00 00 00 00 00 00 00 00 FF FF 00 00 00 00 00 00 00 00 00 00 00 00 00 07 DB 00 00 00 00 08 DC 08 13 00 CD 
 00 1B 00 00 00 00 00 00 00 00 00 00 FF FF 00 00 00 00 00 00 00 00 00 00 00 00 00 07 DC 00 00 00 00 08 E0 08 11 00 CE 
 00 1B 00 00 00 00 00 00 00 00 00 00 FF FF 00 00 00 00 00 00 00 00 00 00 00 00 00 07 D9 00 00 00 00 08 DF 08 16 00 CF 
 00 1D 00 00 00 00 00 00 00 00 00 00 FF FF 00 00 00 00 00 00 00 00 00 00 00 00 00 07 DC 00 00 00 00 08 DF 08 16 00 D4 
 00 1D 00 00 00 00 00 00 00 00 00 00 FF FF 00 00 00 00 00 00 00 00 00 00 00 00 00 07 E3 00 00 00 00 08 DE 08 16 00 DA 
 00 1D 00 00 00 00 00 00 00 00 00 00 FF FF 00 00 00 00 00 00 00 00 00 00 00 00 00 07 B0 00 00 00 00 08 8D 07 C7 00 06 
 00 1C 00 00 00 00 00 00 00 00 00 00 FF FF 00 00 00 00 00 00 00 00 00 00 00 00 00 07 B2 00 00 00 00 08 95 07 CD 00 15 
 00 1C 00 00 00 00 00 00 00 00 00 00 FF FF 00 00 00 00 00 00 00 00 00 00 00 00 00 07 DD 00 00 00 00 08 E1 08 16 00 D6 
 00 1B 00 00 00 00 00 00 00 00 00 00 FF FF 00 00 00 00 00 00 00 00 00 00 00 00 00 07 AA 00 00 00 00 08 88 07 C4 00 F6 
 00 1B 00 00 00 00 00 00 00 00 00 00 FF FF 00 00 00 00 00 00 00 00 00 00 00 00 00 07 AE 00 00 00 00 08 85 07 C2 00 F5 
 00 1B 00 00 00 00 00 00 00 00 00 00 FF FF 00 00 00 00 00 00 00 00 00 00 00 00 00 07 DB 00 00 00 00 08 E0 08 13 00 CF 
 00 1E 00 00 00 00 00 00 00 00 00 00 FF FF 00 00 00 00 00 00 00 00 00 00 00 00 00 07 DE 00 00 00 00 08 EE 08 21 00 F1 
 00 1E 00 00 00 00 00 00 00 00 00 00 FF FF 00 00 00 00 00 00 00 00 00 00 00 00 00 07 B1 00 00 00 00 08 9B 07 D1 00 20 
 00 1E 00 00 00 00 00 00 00 00 00 00 FF FF 00 00 00 00 00 00 00 00 00 00 00 00 00 07 AF 00 00 00 00 08 99 07 CF 00 1A 
 00 20 00 00 00 00 00 00 00 00 00 00 FF FF 00 00 00 00 00 00 00 00 00 00 00 00 00 08 7D 00 00 00 00 08 90 07 C7 00 DA 
 00 20 00 00 00 00 00 00 00 00 00 00 FF FF 00 00 00 00 00 00 00 00 00 00 00 00 00 07 DF 00 00 00 00 08 E7 08 1A 00 E6 
 00 25 00 00 00 00 00 00 00 00 00 00 FF FF 00 00 00 00 00 00 00 00 00 00 00 00 00 08 7E 00 00 00 00 08 87 07 C0 00 D0 
 00 25 00 00 00 00 00 00 00 00 00 00 FF FF 00 00 00 00 00 00 00 00 00 00 00 00 00 08 2F 00 00 00 00 09 0F 08 32 00 7D 
 00 25 00 00 00 00 00 00 00 00 00 00 FF FF 00 00 00 00 00 00 00 00 00 00 00 00 00 08 32 00 00 00 00 09 12 08 31 00 82 
 00 25 00 00 00 00 00 00 00 00 00 00 FF FF 00 00 00 00 00 00 00 00 00 00 00 00 00 08 7F 00 00 00 00 08 2F 07 AB 00 64 
 00 25 00 00 00 00 00 00 00 00 00 00 FF FF 00 00 00 00 00 00 00 00 00 00 00 00 00 08 27 00 00 00 00 08 17 08 16 00 60 
 00 29 00 00 00 00 00 00 00 00 00 00 FF FF 00 00 00 00 00 00 00 00 00 00 00 00 00 07 B1 00 00 00 00 08 1F 07 A7 00 85 
 00 29 00 00 00 00 00 00 00 00 00 00 FF FF 00 00 00 00 00 00 00 00 00 00 00 00 00 08 16 00 00 00 00 08 0B 08 07 00 38 
 00 2E 00 00 00 00 00 00 00 00 00 00 FF FF 00 00 00 00 00 00 00 00 00 00 00 00 00 08 56 00 00 00 00 08 18 07 9F 00 21 
 00 2E 00 00 00 00 00 00 00 00 00 00 FF FF 00 00 00 00 00 00 00 00 00 00 00 00 00 08 1F 00 00 00 00 08 16 08 0F 00 59 
 00 2E 00 00 00 00 00 00 00 00 00 00 FF FF 00 00 00 00 00 00 00 00 00 00 00 00 00 07 AC 00 00 00 00 08 B1 07 D5 00 45 
 00 30 00 00 00 00 00 00 00 00 00 00 FF FF 00 00 00 00 00 00 00 00 00 00 00 00 00 08 22 00 00 00 00 09 0B 08 29 00 6E 
 00 30 00 00 00 00 00 00 00 00 00 00 FF FF 00 00 00 00 00 00 00 00 00 00 00 00 00 08 83 00 00 00 00 08 AC 07 DD 00 22 
 00 2F 00 00 00 00 00 00 00 00 00 00 FF FF 00 00 00 00 00 00 00 00 00 00 00 00 00 08 86 00 00 00 00 08 11 07 9D 00 49 
 00 2F 00 00 00 00 00 00 00 00 00 00 FF FF 00 00 00 00 00 00 00 00 00 00 00 00 00 08 1E 00 00 00 00 08 13 08 0F 00 56 
 00 2F 00 00 00 00 00 00 00 00 00 00 FF FF 00 00 00 00 00 00 00 00 00 00 00 00 00 08 55 00 00 00 00 08 05 07 94 00 03 
 00 30 00 00 00 00 00 00 00 00 00 00 FF FF 00 00 00 00 00 00 00 00 00 00 00 00 00 07 B5 00 00 00 00 08 17 07 9F 00 80 
 00 30 00 00 00 00 00 00 00 00 00 00 FF FF 00 00 00 00 00 00 00 00 00 00 00 00 00 08 06 00 00 00 00 08 11 08 03 00 31 
 00 2C 00 00 00 00 00 00 00 00 00 00 FF FF 00 00 00 00 00 00 00 00 00 00 00 00 00 08 53 00 00 00 00 08 A7 07 D5 00 E1 
 00 2C 00 00 00 00 00 00 00 00 00 00 FF FF 00 00 00 00 00 00 00 00 00 00 00 00 00 08 45 00 00 00 00 08 AA 07 D0 00 D1 
 00 2C 00 00 00 00 00 00 00 00 00 00 FF FF 00 00 00 00 00 00 00 00 00 00 00 00 00 08 19 00 00 00 00 08 0C 08 08 00 40 
 00 2A 00 00 00 00 00 00 00 00 00 00 FF FF 00 00 00 00 00 00 00 00 00 00 00 00 00 08 3B 00 00 00 00 07 FF 08 1F 00 69 
 00 2A 00 00 00 00 00 00 00 00 00 00 FF FF 00 00 00 00 00 00 00 00 00 00 00 00 00 08 19 00 00 00 00 09 0B 08 27 00 5D 
 00 22 00 00 00 00 00 00 00 00 00 00 FF FF 00 00 00 00 00 00 00 00 00 00 00 00 00 08 84 00 00 00 00 08 17 07 A5 00 48 
 00 22 00 00 00 00 00 00 00 00 00 00 FF FF 00 00 00 00 00 00 00 00 00 00 00 00 00 08 82 00 00 00 00 08 1E 07 A3 00 4B 
 00 22 00 00 00 00 00 00 00 00 00 00 FF FF 00 00 00 00 00 00 00 00 00 00 00 00 00 08 26 00 00 00 00 08 07 07 FF 00 34 
 00 1F 00 00 00 00 00 00 00 00 00 00 FF FF 00 00 00 00 00 00 00 00 00 00 00 00 00 07 F5 00 00 00 00 08 0A 07 F1 00 F4 
 00 1F 00 00 00 00 00 00 00 00 00 00 FF FF 00 00 00 00 00 00 00 00 00 00 00 00 00 07 BE 00 00 00 00 08 13 07 94 00 69 
 00 18 00 00 00 00 00 00 00 00 00 00 FF FF 00 00 00 00 00 00 00 00 00 00 00 00 00 07 D8 00 00 00 00 08 EC 08 18 00 DA 
 00 18 00 00 00 00 00 00 00 00 00 00 FF FF 00 00 00 00 00 00 00 00 00 00 00 00 00 08 41 00 00 00 00 08 97 07 CA 00 A0 
 00 18 00 00 00 00 00 00 00 00 00 00 FF FF 00 00 00 00 00 00 00 00 00 00 00 00 00 08 10 00 00 00 00 08 E3 08 15 00 07 
 00 16 00 00 00 00 00 00 00 00 00 00 FF FF 00 00 00 00 00 00 00 00 00 00 00 00 00 07 D2 00 00 00 00 08 DF 08 15 00 C2 
 00 16 00 00 00 00 00 00 00 00 00 00 FF FF 00 00 00 00 00 00 00 00 00 00 00 00 00 08 0A 00 00 00 00 08 FB 08 24 00 26 
 00 16 00 00 00 00 00 00 00 00 00 00 FF FF 00 00 00 00 00 00 00 00 00 00 00 00 00 07 AE 00 00 00 00 08 9B 07 D5 00 19 
 00 1C 00 00 00 00 00 00 00 00 00 00 FF FF 00 00 00 00 00 00 00 00 00 00 00 00 00 08 4F 00 00 00 00 08 AF 07 DB 00 DB 
 00 1C 00 00 00 00 00 00 00 00 00 00 FF FF 00 00 00 00 00 00 00 00 00 00 00 00 00 07 FB 00 00 00 00 08 EF 08 1E 00 0A 
 00 1E 00 00 00 00 00 00 00 00 00 00 FF FF 00 00 00 00 00 00 00 00 00 00 00 00 00 08 4D 00 00 00 00 08 BB 07 E3 00 EF 
 00 1E 00 00 00 00 00 00 00 00 00 00 FF FF 00 00 00 00 00 00 00 00 00 00 00 00 00 07 FE 00 00 00 00 08 E7 08 16 00 FF 
 00 22 00 00 00 00 00 00 00 00 00 00 FF FF 00 00 00 00 00 00 00 00 00 00 00 00 00 07 FA 00 00 00 00 08 E1 08 12 00 F5 
 00 22 00 00 00 00 00 00 00 00 00 00 FF FF 00 00 00 00 00 00 00 00 00 00 00 00 00 08 44 00 00 00 00 08 AD 07 DA 00 D3 
 00 22 00 00 00 00 00 00 00 00 00 00 FF FF 00 00 00 00 00 00 00 00 00 00 00 00 00 08 4C 00 00 00 00 08 AF 07 DD 00 E0 
 00 26 00 00 00 00 00 00 00 00 00 00 FF FF 00 00 00 00 00 00 00 00 00 00 00 00 00 08 02 00 00 00 00 08 E9 08 1A 00 12 
 00 26 00 00 00 00 00 00 00 00 00 00 FF FF 00 00 00 00 00 00 00 00 00 00 00 00 00 08 49 00 00 00 00 08 B6 07 DF 00 EA 
 00 29 00 00 00 00 00 00 00 00 00 00 FF FF 00 00 00 00 00 00 00 00 00 00 00 00 00 07 FD 00 00 00 00 08 F9 08 27 00 2C 
 00 29 00 00 00 00 00 00 00 00 00 00 FF FF 00 00 00 00 00 00 00 00 00 00 00 00 00 07 FC 00 00 00 00 08 F3 08 25 00 23 
 00 29 00 00 00 00 00 00 00 00 00 00 FF FF 00 00 00 00 00 00 00 00 00 00 00 00 00 08 49 00 00 00 00 08 AF 07 DE 00 E5 
 00 2D 00 00 00 00 00 00 00 00 00 00 FF FF 00 00 00 00 00 00 00 00 00 00 00 00 00 08 4A 00 00 00 00 08 AE 07 DC 00 E7 
 00 2D 00 00 00 00 00 00 00 00 00 00 FF FF 00 00 00 00 00 00 00 00 00 00 00 00 00 08 01 00 00 00 00 08 EB 08 1B 00 1B 
 00 2D 00 00 00 00 00 00 00 00 00 00 FF FF 00 00 00 00 00 00 00 00 00 00 00 00 00 08 4E 00 00 00 00 08 B5 07 DF 00 F5 
 00 30 00 00 00 00 00 00 00 00 00 00 FF FF 00 00 00 00 00 00 00 00 00 00 00 00 00 08 4B 00 00 00 00 08 B7 07 DD 00 F5 
 00 30 00 00 00 00 00 00 00 00 00 00 FF FF 00 00 00 00 00 00 00 00 00 00 00 00 00 08 4A 00 00 00 00 08 BC 07 E7 00 03 
 00 31 00 00 00 00 00 00 00 00 00 00 FF FF 00 00 00 00 00 00 00 00 00 00 00 00 00 08 4F 00 00 00 00 08 BC 07 E3 00 05 
 00 31 00 00 00 00 00 00 00 00 00 00 FF FF 00 00 00 00 00 00 00 00 00 00 00 00 00 08 4B 00 00 00 00 08 C2 07 E2 00 06 
 00 31 00 00 00 00 00 00 00 00 00 00 FF FF 00 00 00 00 00 00 00 00 00 00 00 00 00 08 4E 00 00 00 00 08 BD 07 E7 00 09 
 00 31 00 00 00 00 00 00 00 00 00 00 FF FF 00 00 00 00 00 00 00 00 00 00 00 00 00 08 49 00 00 00 00 08 C3 07 E1 00 04 
 00 31 00 00 00 00 00 00 00 00 00 00 FF FF 00 00 00 00 00 00 00 00 00 00 00 00 00 08 00 00 00 00 00 08 FA 08 23 00 35 
 00 2F 00 00 00 00 00 00 00 00 00 00 FF FF 00 00 00 00 00 00 00 00 00 00 00 00 00 08 4B 00 00 00 00 08 BD 07 E5 00 02 
 00 2F 00 00 00 00 00 00 00 00 00 00 FF FF 00 00 00 00 00 00 00 00 00 00 00 00 00 07 FF 00 00 00 00 08 F7 08 20 00 2B 
 00 27 00 00 00 00 00 00 00 00 00 00 FF FF 00 00 00 00 00 00 00 00 00 00 00 00 00 07 FE 00 00 00 00 08 F9 08 23 00 27 
 00 27 00 00 00 00 00 00 00 00 00 00 FF FF 00 00 00 00 00 00 00 00 00 00 00 00 00 08 00 00 00 00 00 08 FC 08 25 00 2F 
 00 27 00 00 00 00 00 00 00 00 00 00 FF FF 00 00 00 00 00 00 00 00 00 00 00 00 00 07 F8 00 00 00 00 08 F3 08 1F 00 17 
 00 25 00 00 00 00 00 00 00 00 00 00 FF FF 00 00 00 00 00 00 00 00 00 00 00 00 00 08 4D 00 00 00 00 08 C3 07 E2 00 FD 
 00 25 00 00 00 00 00 00 00 00 00 00 FF FF 00 00 00 00 00 00 00 00 00 00 00 00 00 08 48 00 00 00 00 08 C3 07 E2 00 F8 
 00 25 00 00 00 00 00 00 00 00 00 00 FF FF 00 00 00 00 00 00 00 00 00 00 00 00 00 08 48 00 00 00 00 08 C5 07 E0 00 F8 
 00 24 00 00 00 00 00 00 00 00 00 00 FF FF 00 00 00 00 00 00 00 00 00 00 00 00 00 08 48 00 00 00 00 08 C7 07 E2 00 FB 
 00 24 00 00 00 00 00 00 00 00 00 00 FF FF 00 00 00 00 00 00 00 00 00 00 00 00 00 07 FA 00 00 00 00 08 FB 08 24 00 23 
 00 1C 00 00 00 00 00 00 00 00 00 00 FF FF 00 00 00 00 00 00 00 00 00 00 00 00 00 08 55 00 00 00 00 08 CF 07 EA 00 10 
 00 1C 00 00 00 00 00 00 00 00 00 00 FF FF 00 00 00 00 00 00 00 00 00 00 00 00 00 07 FB 00 00 00 00 08 FD 08 25 00 1F 
 00 17 00 00 00 00 00 00 00 00 00 00 FF FF 00 00 00 00 00 00 00 00 00 00 00 00 00 08 49 00 00 00 00 08 C6 07 E1 00 ED 
 00 17 00 00 00 00 00 00 00 00 00 00 FF FF 00 00 00 00 00 00 00 00 00 00 00 00 00 08 4A 00 00 00 00 08 C1 07 E4 00 EC 
 00 17 00 00 00 00 00 00 00 00 00 00 FF FF 00 00 00 00 00 00 00 00 00 00 00 00 00 07 F8 00 00 00 00 08 F7 08 20 00 0C 
 00 1B 00 00 00 00 00 00 00 00 00 00 FF FF 00 00 00 00 00 00 00 00 00 00 00 00 00 08 50 00 00 00 00 08 CF 07 E9 00 09 
 00 1B 00 00 00 00 00 00 00 00 00 00 FF FF 00 00 00 00 00 00 00 00 00 00 00 00 00 07 F9 00 00 00 00 08 FB 08 23 00 18 
 00 1B 00 00 00 00 00 00 00 00 00 00 FF FF 00 00 00 00 00 00 00 00 00 00 00 00 00 08 4A 00 00 00 00 08 C9 07 E4 00 F8 
 00 17 00 00 00 00 00 00 00 00 00 00 FF FF 00 00 00 00 00 00 00 00 00 00 00 00 00 07 F7 00 00 00 00 08 FB 08 21 00 10 
 00 17 00 00 00 00 00 00 00 00 00 00 FF FF 00 00 00 00 00 00 00 00 00 00 00 00 00 07 FA 00 00 00 00 08 F8 08 21 00 10 
 00 1D 00 00 00 00 00 00 00 00 00 00 FF FF 00 00 00 00 00 00 00 00 00 00 00 00 00 08 47 00 00 00 00 08 C5 07 E1 00 F0 
 00 1D 00 00 00 00 00 00 00 00 00 00 FF FF 00 00 00 00 00 00 00 00 00 00 00 00 00 08 4C 00 00 00 00 08 C9 07 E3 00 FB 
 00 1C 00 00 00 00 00 00 00 00 00 00 FF FF 00 00 00 00 00 00 00 00 00 00 00 00 00 08 48 00 00 00 00 08 C7 07 E2 00 F3 
 00 1C 00 00 00 00 00 00 00 00 00 00 FF FF 00 00 00 00 00 00 00 00 00 00 00 00 00 07 F6 00 00 00 00 08 FA 08 22 00 14 
 00 1C 00 00 00 00 00 00 00 00 00 00 FF FF 00 00 00 00 00 00 00 00 00 00 00 00 00 08 4B 00 00 00 00 08 C8 07 E3 00 F8 
 00 1B 00 00 00 00 00 00 00 00 00 00 FF FF 00 00 00 00 00 00 00 00 00 00 00 00 00 07 F6 00 00 00 00 08 F3 08 1D 00 07 
 00 1B 00 00 00 00 00 00 00 00 00 00 FF FF 00 00 00 00 00 00 00 00 00 00 00 00 00 08 4D 00 00 00 00 08 CC 07 E4 00 FE 
 00 25 00 00 00 00 00 00 00 00 00 00 FF FF 00 00 00 00 00 00 00 00 00 00 00 00 00 07 F2 00 00 00 00 08 F9 08 1F 00 15 
 00 25 00 00 00 00 00 00 00 00 00 00 FF FF 00 00 00 00 00 00 00 00 00 00 00 00 00 08 4D 00 00 00 00 08 CD 07 E5 00 0A 
 00 25 00 00 00 00 00 00 00 00 00 00 FF FF 00 00 00 00 00 00 00 00 00 00 00 00 00 07 F5 00 00 00 00 08 FA 08 21 00 1B 
 00 29 00 00 00 00 00 00 00 00 00 00 FF FF 00 00 00 00 00 00 00 00 00 00 00 00 00 07 F1 00 00 00 00 08 F9 08 20 00 19 
 00 29 00 00 00 00 00 00 00 00 00 00 FF FF 00 00 00 00 00 00 00 00 00 00 00 00 00 08 4D 00 00 00 00 08 C7 07 E2 00 05 
 00 30 00 00 00 00 00 00 00 00 00 00 FF FF 00 00 00 00 00 00 00 00 00 00 00 00 00 08 4B 00 00 00 00 08 CC 07 E3 00 10 
 00 30 00 00 00 00 00 00 00 00 00 00 FF FF 00 00 00 00 00 00 00 00 00 00 00 00 00 08 4B 00 00 00 00 08 C7 07 E4 00 0C 
 00 30 00 00 00 00 00 00 00 00 00 00 FF FF 00 00 00 00 00 00 00 00 00 00 00 00 00 08 4A 00 00 00 00 08 C1 07 E0 00 01 
 00 2F 00 00 00 00 00 00 00 00 00 00 FF FF 00 00 00 00 00 00 00 00 00 00 00 00 00 08 48 00 00 00 00 08 C3 07 E0 00 00 
 00 2F 00 00 00 00 00 00 00 00 00 00 FF FF 00 00 00 00 00 00 00 00 00 00 00 00 00 08 4F 00 00 00 00 08 C5 07 E0 00 09 
 00 30 00 00 00 00 00 00 00 00 00 00 FF FF 00 00 00 00 00 00 00 00 00 00 00 00 00 07 F2 00 00 00 00 08 FB 08 20 00 23 
 00 30 00 00 00 00 00 00 00 00 00 00 FF FF 00 00 00 00 00 00 00 00 00 00 00 00 00 08 4E 00 00 00 00 08 CB 07 E3 00 12 
 00 30 00 00 00 00 00 00 00 00 00 00 FF FF 00 00 00 00 00 00 00 00 00 00 00 00 00 07 F3 00 00 00 00 08 F7 08 1E 00 1E 
 00 2C 00 00 00 00 00 00 00 00 00 00 FF FF 00 00 00 00 00 00 00 00 00 00 00 00 00 07 EF 00 00 00 00 08 F6 08 1C 00 13 
 00 2C 00 00 00 00 00 00 00 00 00 00 FF FF 00 00 00 00 00 00 00 00 00 00 00 00 00 08 4E 00 00 00 00 08 CA 07 E2 00 0C 
 00 24 00 00 00 00 00 00 00 00 00 00 FF FF 00 00 00 00 00 00 00 00 00 00 00 00 00 07 F6 00 00 00 00 08 FC 08 20 00 1C 
 00 24 00 00 00 00 00 00 00 00 00 00 FF FF 00 00 00 00 00 00 00 00 00 00 00 00 00 08 46 00 00 00 00 08 CB 07 E3 00 FE 
 00 24 00 00 00 00 00 00 00 00 00 00 FF FF 00 00 00 00 00 00 00 00 00 00 00 00 00 08 49 00 00 00 00 08 C6 07 E0 00 F9 
 00 16 00 00 00 00 00 00 00 00 00 00 FF FF 00 00 00 00 00 00 00 00 00 00 00 00 00 08 49 00 00 00 00 08 C5 07 DE 00 E8 
 00 16 00 00 00 00 00 00 00 00 00 00 FF FF 00 00 00 00 00 00 00 00 00 00 00 00 00 07 F5 00 00 00 00 08 FA 08 1F 00 0A 
 00 18 00 00 00 00 00 00 00 00 00 00 FF FF 00 00 00 00 00 00 00 00 00 00 00 00 00 07 F8 00 00 00 00 08 F3 08 1C 00 05 
 00 18 00 00 00 00 00 00 00 00 00 00 FF FF 00 00 00 00 00 00 00 00 00 00 00 00 00 08 48 00 00 00 00 08 C9 07 E1 00 F0 
 00 18 00 00 00 00 00 00 00 00 00 00 FF FF 00 00 00 00 00 00 00 00 00 00 00 00 00 08 4C 00 00 00 00 08 C9 07 E1 00 F4 
 00 1E 00 00 00 00 00 00 00 00 00 00 FF FF 00 00 00 00 00 00 00 00 00 00 00 00 00 08 4C 00 00 00 00 08 CC 07 E4 00 00 
 00 1E 00 00 00 00 00 00 00 00 00 00 FF FF 00 00 00 00 00 00 00 00 00 00 00 00 00 07 F5 00 00 00 00 08 F9 08 1E 00 10 
 00 1C 00 00 00 00 00 00 00 00 00 00 FF FF 00 00 00 00 00 00 00 00 00 00 00 00 00 08 4B 00 00 00 00 08 C9 07 E0 00 F6 
 00 1C 00 00 00 00 00 00 00 00 00 00 FF FF 00 00 00 00 00 00 00 00 00 00 00 00 00 07 F3 00 00 00 00 08 F6 08 1F 00 0A 
 00 1C 00 00 00 00 00 00 00 00 00 00 FF FF 00 00 00 00 00 00 00 00 00 00 00 00 00 07 F8 00 00 00 00 08 F9 08 1F 00 12 
 00 1B 00 00 00 00 00 00 00 00 00 00 FF FF 00 00 00 00 00 00 00 00 00 00 00 00 00 08 4C 00 00 00 00 08 CD 07 E2 00 FC 
 00 1B 00 00 00 00 00 00 00 00 00 00 FF FF 00 00 00 00 00 00 00 00 00 00 00 00 00 08 4C 00 00 00 00 08 C9 07 E1 00 F7 
 00 1D 00 00 00 00 00 00 00 00 00 00 FF FF 00 00 00 00 00 00 00 00 00 00 00 00 00 08 4A 00 00 00 00 08 CB 07 E2 00 FA 
 00 1D 00 00 00 00 00 00 00 00 00 00 FF FF 00 00 00 00 00 00 00 00 00 00 00 00 00 07 F8 00 00 00 00 08 F6 08 1D 00 0E 
 00 1D 00 00 00 00 00 00 00 00 00 00 FF FF 00 00 00 00 00 00 00 00 00 00 00 00 00 07 F7 00 00 00 00 08 F3 08 1B 00 08 
 00 21 00 00 00 00 00 00 00 00 00 00 FF FF 00 00 00 00 00 00 00 00 00 00 00 00 00 07 F3 00 00 00 00 08 F1 08 19 00 04 
 00 21 00 00 00 00 00 00 00 00 00 00 FF FF 00 00 00 00 00 00 00 00 00 00 00 00 00 07 F5 00 00 00 00 08 F5 08 1D 00 0E 
 00 20 00 00 00 00 00 00 00 00 00 00 FF FF 00 00 00 00 00 00 00 00 00 00 00 00 00 08 4F 00 00 00 00 08 C7 07 DE 00 FA 
 00 20 00 00 00 00 00 00 00 00 00 00 FF FF 00 00 00 00 00 00 00 00 00 00 00 00 00 07 F6 00 00 00 00 08 EE 08 18 00 02 
 00 20 00 00 00 00 00 00 00 00 00 00 FF FF 00 00 00 00 00 00 00 00 00 00 00 00 00 08 4E 00 00 00 00 08 C1 07 D9 00 EE 
 00 27 00 00 00 00 00 00 00 00 00 00 FF FF 00 00 00 00 00 00 00 00 00 00 00 00 00 07 F6 00 00 00 00 08 F4 08 1B 00 12 
 00 27 00 00 00 00 00 00 00 00 00 00 FF FF 00 00 00 00 00 00 00 00 00 00 00 00 00 08 4D 00 00 00 00 08 C9 07 DF 00 02 
 00 2B 00 00 00 00 00 00 00 00 00 00 FF FF 00 00 00 00 00 00 00 00 00 00 00 00 00 07 F3 00 00 00 00 08 F9 08 1F 00 1C 
 00 2B 00 00 00 00 00 00 00 00 00 00 FF FF 00 00 00 00 00 00 00 00 00 00 00 00 00 08 48 00 00 00 00 08 CB 07 E2 00 06 
 00 2B 00 00 00 00 00 00 00 00 00 00 FF FF 00 00 00 00 00 00 00 00 00 00 00 00 00 07 F6 00 00 00 00 08 F8 08 1D 00 1C 
 00 2F 00 00 00 00 00 00 00 00 00 00 FF FF 00 00 00 00 00 00 00 00 00 00 00 00 00 08 4E 00 00 00 00 08 C7 07 DF 00 09 
 00 2F 00 00 00 00 00 00 00 00 00 00 FF FF 00 00 00 00 00 00 00 00 00 00 00 00 00 08 4E 00 00 00 00 08 C9 07 E0 00 0C 
 00 31 00 00 00 00 00 00 00 00 00 00 FF FF 00 00 00 00 00 00 00 00 00 00 00 00 00 08 4A 00 00 00 00 08 C9 07 E0 00 0A 
 00 31 00 00 00 00 00 00 00 00 00 00 FF FF 00 00 00 00 00 00 00 00 00 00 00 00 00 07 F5 00 00 00 00 08 F7 08 1C 00 1F 
 00 31 00 00 00 00 00 00 00 00 00 00 FF FF 00 00 00 00 00 00 00 00 00 00 00 00 00 07 F1 00 00 00 00 08 F2 08 19 00 13 
 00 30 00 00 00 00 00 00 00 00 00 00 FF FF 00 00 00 00 00 00 00 00 00 00 00 00 00 08 49 00 00 00 00 08 C7 07 DE 00 04 
 00 30 00 00 00 00 00 00 00 00 00 00 FF FF 00 00 00 00 00 00 00 00 00 00 00 00 00 07 F5 00 00 00 00 08 F3 08 1A 00 18 
 00 28 00 00 00 00 00 00 00 00 00 00 FF FF 00 00 00 00 00 00 00 00 00 00 00 00 00 07 EE 00 00 00 00 08 F1 08 19 00 06 
 00 28 00 00 00 00 00 00 00 00 00 00 FF FF 00 00 00 00 00 00 00 00 00 00 00 00 00 07 F8 00 00 00 00 08 F3 08 19 00 12 
 00 28 00 00 00 00 00 00 00 00 00 00 FF FF 00 00 00 00 00 00 00 00 00 00 00 00 00 08 4B 00 00 00 00 08 C7 07 DD 00 FD 
 00 24 00 00 00 00 00 00 00 00 00 00 FF FF 00 00 00 00 00 00 00 00 00 00 00 00 00 07 F1 00 00 00 00 08 F0 08 16 00 01 
 00 24 00 00 00 00 00 00 00 00 00 00 FF FF 00 00 00 00 00 00 00 00 00 00 00 00 00 07 F4 00 00 00 00 08 F3 08 1A 00 0B 
 00 1D 00 00 00 00 00 00 00 00 00 00 FF FF 00 00 00 00 00 00 00 00 00 00 00 00 00 07 F4 00 00 00 00 08 F0 08 18 00 FF 
 00 1D 00 00 00 00 00 00 00 00 00 00 FF FF 00 00 00 00 00 00 00 00 00 00 00 00 00 07 ED 00 00 00 00 08 F1 08 17 00 F8 
 00 1D 00 00 00 00 00 00 00 00 00 00 FF FF 00 00 00 00 00 00 00 00 00 00 00 00 00 07 F3 00 00 00 00 08 EF 08 17 00 FC 
 00 1A 00 00 00 00 00 00 00 00 00 00 FF FF 00 00 00 00 00 00 00 00 00 00 00 00 00 07 F3 00 00 00 00 08 F0 08 15 00 F8 
 00 1A 00 00 00 00 00 00 00 00 00 00 FF FF 00 00 00 00 00 00 00 00 00 00 00 00 00 08 0C 00 00 00 00 08 A2 07 F1 00 9F 
 00 1E 00 00 00 00 00 00 00 00 00 00 FF FF 00 00 00 00 00 00 00 00 00 00 00 00 00 07 FD 00 00 00 00 08 FF 08 2A 00 2A 
 00 1E 00 00 00 00 00 00 00 00 00 00 FF FF 00 00 00 00 00 00 00 00 00 00 00 00 00 08 44 00 00 00 00 08 BF 07 DB 00 E2 
 00 1E 00 00 00 00 00 00 00 00 00 00 FF FF 00 00 00 00 00 00 00 00 00 00 00 00 00 08 0E 00 00 00 00 08 19 07 FB 00 26 
 00 1F 00 00 00 00 00 00 00 00 00 00 FF FF 00 00 00 00 00 00 00 00 00 00 00 00 00 08 63 00 00 00 00 08 A9 07 D0 00 E1 
 00 1F 00 00 00 00 00 00 00 00 00 00 FF FF 00 00 00 00 00 00 00 00 00 00 00 00 00 08 4B 00 00 00 00 08 2D 07 AD 00 2A 
 00 20 00 00 00 00 00 00 00 00 00 00 FF FF 00 00 00 00 00 00 00 00 00 00 00 00 00 08 0F 00 00 00 00 08 15 07 ED 00 17 
 00 20 00 00 00 00 00 00 00 00 00 00 FF FF 00 00 00 00 00 00 00 00 00 00 00 00 00 08 5B 00 00 00 00 08 07 07 92 00 FA 
 00 20 00 00 00 00 00 00 00 00 00 00 FF FF 00 00 00 00 00 00 00 00 00 00 00 00 00 08 1F 00 00 00 00 08 23 07 FB 00 43 
 00 1D 00 00 00 00 00 00 00 00 00 00 FF FF 00 00 00 00 00 00 00 00 00 00 00 00 00 08 50 00 00 00 00 08 17 07 99 00 03 
 00 1D 00 00 00 00 00 00 00 00 00 00 FF FF 00 00 00 00 00 00 00 00 00 00 00 00 00 08 15 00 00 00 00 08 1B 07 F8 00 2B 
 00 1D 00 00 00 00 00 00 00 00 00 00 FF FF 00 00 00 00 00 00 00 00 00 00 00 00 00 08 4E 00 00 00 00 08 1D 07 9C 00 0A 
 00 20 00 00 00 00 00 00 00 00 00 00 FF FF 00 00 00 00 00 00 00 00 00 00 00 00 00 08 13 00 00 00 00 08 1D 07 F7 00 2D 
 00 20 00 00 00 00 00 00 00 00 00 00 FF FF 00 00 00 00 00 00 00 00 00 00 00 00 00 08 4D 00 00 00 00 08 22 07 9D 00 12 
 00 25 00 00 00 00 00 00 00 00 00 00 FF FF 00 00 00 00 00 00 00 00 00 00 00 00 00 08 49 00 00 00 00 08 1D 07 99 00 0A 
 00 25 00 00 00 00 00 00 00 00 00 00 FF FF 00 00 00 00 00 00 00 00 00 00 00 00 00 08 10 00 00 00 00 08 1B 07 F8 00 2E 
 00 2C 00 00 00 00 00 00 00 00 00 00 FF FF 00 00 00 00 00 00 00 00 00 00 00 00 00 08 51 00 00 00 00 08 1B 07 9B 00 19 
 00 2C 00 00 00 00 00 00 00 00 00 00 FF FF 00 00 00 00 00 00 00 00 00 00 00 00 00 08 14 00 00 00 00 08 1E 07 F5 00 39 
 00 2C 00 00 00 00 00 00 00 00 00 00 FF FF 00 00 00 00 00 00 00 00 00 00 00 00 00 08 10 00 00 00 00 08 1F 07 F9 00 3A 
 00 2A 00 00 00 00 00 00 00 00 00 00 FF FF 00 00 00 00 00 00 00 00 00 00 00 00 00 08 50 00 00 00 00 08 1C 07 9B 00 17 
 00 2A 00 00 00 00 00 00 00 00 00 00 FF FF 00 00 00 00 00 00 00 00 00 00 00 00 00 08 0E 00 00 00 00 08 1F 07 F8 00 35 
 00 2F 00 00 00 00 00 00 00 00 00 00 FF FF 00 00 00 00 00 00 00 00 00 00 00 00 00 08 13 00 00 00 00 08 1B 07 F8 00 3B 
 00 2F 00 00 00 00 00 00 00 00 00 00 FF FF 00 00 00 00 00 00 00 00 00 00 00 00 00 08 4E 00 00 00 00 08 36 07 A5 00 3E 
 00 2F 00 00 00 00 00 00 00 00 00 00 FF FF 00 00 00 00 00 00 00 00 00 00 00 00 00 08 3D 00 00 00 00 08 22 07 95 00 09 
 00 30 00 00 00 00 00 00 00 00 00 00 FF FF 00 00 00 00 00 00 00 00 00 00 00 00 00 08 5A 00 00 00 00 08 09 07 94 00 0D 
 00 30 00 00 00 00 00 00 00 00 00 00 FF FF 00 00 00 00 00 00 00 00 00 00 00 00 00 08 4F 00 00 00 00 08 2A 07 A7 00 36 
 00 2D 00 00 00 00 00 00 00 00 00 00 FF FF 00 00 00 00 00 00 00 00 00 00 00 00 00 08 51 00 00 00 00 08 17 07 96 00 11 
 00 2D 00 00 00 00 00 00 00 00 00 00 FF FF 00 00 00 00 00 00 00 00 00 00 00 00 00 08 51 00 00 00 00 08 1B 07 99 00 18 
 00 2D 00 00 00 00 00 00 00 00 00 00 FF FF 00 00 00 00 00 00 00 00 00 00 00 00 00 08 52 00 00 00 00 08 34 07 A4 00 3D 
 00 29 00 00 00 00 00 00 00 00 00 00 FF FF 00 00 00 00 00 00 00 00 00 00 00 00 00 08 0B 00 00 00 00 08 23 07 F2 00 2F 
 00 29 00 00 00 00 00 00 00 00 00 00 FF FF 00 00 00 00 00 00 00 00 00 00 00 00 00 08 1F 00 00 00 00 08 0F 07 FA 00 37 
 00 25 00 00 00 00 00 00 00 00 00 00 FF FF 00 00 00 00 00 00 00 00 00 00 00 00 00 08 1A 00 00 00 00 08 B8 07 FE 00 DB 
 00 25 00 00 00 00 00 00 00 00 00 00 FF FF 00 00 00 00 00 00 00 00 00 00 00 00 00 08 4E 00 00 00 00 08 15 07 99 00 07 
 00 25 00 00 00 00 00 00 00 00 00 00 FF FF 00 00 00 00 00 00 00 00 00 00 00 00 00 08 10 00 00 00 00 08 1B 07 F5 00 2B 
 00 18 00 00 00 00 00 00 00 00 00 00 FF FF 00 00 00 00 00 00 00 00 00 00 00 00 00 08 4F 00 00 00 00 08 22 07 9A 00 09 
 00 18 00 00 00 00 00 00 00 00 00 00 FF FF 00 00 00 00 00 00 00 00 00 00 00 00 00 08 10 00 00 00 00 08 1F 07 F3 00 20 
 00 1F 00 00 00 00 00 00 00 00 00 00 FF FF 00 00 00 00 00 00 00 00 00 00 00 00 00 08 48 00 00 00 00 08 1D 07 9D 00 07 
 00 1F 00 00 00 00 00 00 00 00 00 00 FF FF 00 00 00 00 00 00 00 00 00 00 00 00 00 08 45 00 00 00 00 08 23 07 9C 00 09 
 00 1F 00 00 00 00 00 00 00 00 00 00 FF FF 00 00 00 00 00 00 00 00 00 00 00 00 00 08 0F 00 00 00 00 08 1F 07 F3 00 26 
 00 1A 00 00 00 00 00 00 00 00 00 00 FF FF 00 00 00 00 00 00 00 00 00 00 00 00 00 08 47 00 00 00 00 08 1F 07 9D 00 03 
 00 1A 00 00 00 00 00 00 00 00 00 00 FF FF 00 00 00 00 00 00 00 00 00 00 00 00 00 08 0E 00 00 00 00 08 21 07 F2 00 21 
 00 19 00 00 00 00 00 00 00 00 00 00 FF FF 00 00 00 00 00 00 00 00 00 00 00 00 00 08 47 00 00 00 00 08 1F 07 9D 00 02 
 00 19 00 00 00 00 00 00 00 00 00 00 FF FF 00 00 00 00 00 00 00 00 00 00 00 00 00 08 11 00 00 00 00 08 1D 07 F2 00 1F 
 00 19 00 00 00 00 00 00 00 00 00 00 FF FF 00 00 00 00 00 00 00 00 00 00 00 00 00 08 49 00 00 00 00 08 1E 07 9A 00 00 
 00 1D 00 00 00 00 00 00 00 00 00 00 FF FF 00 00 00 00 00 00 00 00 00 00 00 00 00 08 3E 00 00 00 00 08 23 07 98 00 FC 
 00 1D 00 00 00 00 00 00 00 00 00 00 FF FF 00 00 00 00 00 00 00 00 00 00 00 00 00 08 0F 00 00 00 00 08 1F 07 F8 00 29 
 00 1D 00 00 00 00 00 00 00 00 00 00 FF FF 00 00 00 00 00 00 00 00 00 00 00 00 00 08 4A 00 00 00 00 08 1D 07 9C 00 06 
 00 1C 00 00 00 00 00 00 00 00 00 00 FF FF 00 00 00 00 00 00 00 00 00 00 00 00 00 08 13 00 00 00 00 08 1C 07 F8 00 29 
 00 1C 00 00 00 00 00 00 00 00 00 00 FF FF 00 00 00 00 00 00 00 00 00 00 00 00 00 08 09 00 00 00 00 08 1A 07 F7 00 1C 
 00 21 00 00 00 00 00 00 00 00 00 00 FF FF 00 00 00 00 00 00 00 00 00 00 00 00 00 08 14 00 00 00 00 08 21 07 F3 00 2F 
 00 21 00 00 00 00 00 00 00 00 00 00 FF FF 00 00 00 00 00 00 00 00 00 00 00 00 00 08 45 00 00 00 00 08 1E 07 9B 00 05 
 00 24 00 00 00 00 00 00 00 00 00 00 FF FF 00 00 00 00 00 00 00 00 00 00 00 00 00 08 11 00 00 00 00 08 21 07 F7 00 33 
 00 24 00 00 00 00 00 00 00 00 00 00 FF FF 00 00 00 00 00 00 00 00 00 00 00 00 00 08 4A 00 00 00 00 08 1F 07 9E 00 11 
 00 24 00 00 00 00 00 00 00 00 00 00 FF FF 00 00 00 00 00 00 00 00 00 00 00 00 00 08 46 00 00 00 00 08 21 07 99 00 0A 
 00 26 00 00 00 00 00 00 00 00 00 00 FF FF 00 00 00 00 00 00 00 00 00 00 00 00 00 08 46 00 00 00 00 08 1F 07 9D 00 0E 
 00 26 00 00 00 00 00 00 00 00 00 00 FF FF 00 00 00 00 00 00 00 00 00 00 00 00 00 08 10 00 00 00 00 08 1F 07 FA 00 35 
 00 2E 00 00 00 00 00 00 00 00 00 00 FF FF 00 00 00 00 00 00 00 00 00 00 00 00 00 08 12 00 00 00 00 08 1E 07 F5 00 39 
 00 2E 00 00 00 00 00 00 00 00 00 00 FF FF 00 00 00 00 00 00 00 00 00 00 00 00 00 08 10 00 00 00 00 08 1F 07 EF 00 32 
 00 2E 00 00 00 00 00 00 00 00 00 00 FF FF 00 00 00 00 00 00 00 00 00 00 00 00 00 08 47 00 00 00 00 08 23 07 99 00 17 
 00 31 00 00 00 00 00 00 00 00 00 00 FF FF 00 00 00 00 00 00 00 00 00 00 00 00 00 08 0C 00 00 00 00 08 21 07 F5 00 39 
 00 31 00 00 00 00 00 00 00 00 00 00 FF FF 00 00 00 00 00 00 00 00 00 00 00 00 00 08 43 00 00 00 00 08 21 07 9B 00 16 
 00 36 00 00 00 00 00 00 00 00 00 00 FF FF 00 00 00 00 00 00 00 00 00 00 00 00 00 08 4A 00 00 00 00 08 1F 07 9E 00 23 
 00 36 00 00 00 00 00 00 00 00 00 00 FF FF 00 00 00 00 00 00 00 00 00 00 00 00 00 08 15 00 00 00 00 08 23 07 F0 00 44 
 00 36 00 00 00 00 00 00 00 00 00 00 FF FF 00 00 00 00 00 00 00 00 00 00 00 00 00 08 10 00 00 00 00 08 23 07 F6 00 45 
 00 37 00 00 00 00 00 00 00 00 00 00 FF FF 00 00 00 00 00 00 00 00 00 00 00 00 00 08 46 00 00 00 00 08 25 07 9E 00 26 
 00 37 00 00 00 00 00 00 00 00 00 00 FF FF 00 00 00 00 00 00 00 00 00 00 00 00 00 08 47 00 00 00 00 08 21 07 9C 00 21 
 00 35 00 00 00 00 00 00 00 00 00 00 FF FF 00 00 00 00 00 00 00 00 00 00 00 00 00 08 44 00 00 00 00 08 20 07 9A 00 19 
 00 35 00 00 00 00 00 00 00 00 00 00 FF FF 00 00 00 00 00 00 00 00 00 00 00 00 00 08 4B 00 00 00 00 08 25 07 9F 00 2A 
 00 35 00 00 00 00 00 00 00 00 00 00 FF FF 00 00 00 00 00 00 00 00 00 00 00 00 00 08 13 00 00 00 00 08 22 07 F6 00 46 
 00 28 00 00 00 00 00 00 00 00 00 00 FF FF 00 00 00 00 00 00 00 00 00 00 00 00 00 08 47 00 00 00 00 08 27 07 9F 00 1B 
 00 28 00 00 00 00 00 00 00 00 00 00 FF FF 00 00 00 00 00 00 00 00 00 00 00 00 00 08 15 00 00 00 00 08 25 07 F8 00 40 
 00 23 00 00 00 00 00 00 00 00 00 00 FF FF 00 00 00 00 00 00 00 00 00 00 00 00 00 08 46 00 00 00 00 08 22 07 9E 00 0F 
 00 23 00 00 00 00 00 00 00 00 00 00 FF FF 00 00 00 00 00 00 00 00 00 00 00 00 00 08 15 00 00 00 00 08 BC 07 F8 00 D2 
 00 23 00 00 00 00 00 00 00 00 00 00 FF FF 00 00 00 00 00 00 00 00 00 00 00 00 00 08 44 00 00 00 00 08 23 07 9D 00 0D 
 00 14 00 00 00 00 00 00 00 00 00 00 FF FF 00 00 00 00 00 00 00 00 00 00 00 00 00 08 0D 00 00 00 00 08 BA 07 F8 00 B9 
 00 14 00 00 00 00 00 00 00 00 00 00 FF FF 00 00 00 00 00 00 00 00 00 00 00 00 00 08 49 00 00 00 00 08 2A 07 A3 00 10 
 00 1C 00 00 00 00 00 00 00 00 00 00 FF FF 00 00 00 00 00 00 00 00 00 00 00 00 00 08 11 00 00 00 00 08 B9 07 F7 00 C3 
 00 1C 00 00 00 00 00 00 00 00 00 00 FF FF 00 00 00 00 00 00 00 00 00 00 00 00 00 08 3F 00 00 00 00 08 29 07 A1 00 0B 
 00 1C 00 00 00 00 00 00 00 00 00 00 FF FF 00 00 00 00 00 00 00 00 00 00 00 00 00 08 4A 00 00 00 00 08 23 07 9E 00 0D 
 00 1A 00 00 00 00 00 00 00 00 00 00 FF FF 00 00 00 00 00 00 00 00 00 00 00 00 00 08 10 00 00 00 00 08 B7 07 F3 00 BA 
 00 1A 00 00 00 00 00 00 00 00 00 00 FF FF 00 00 00 00 00 00 00 00 00 00 00 00 00 08 4C 00 00 00 00 08 21 07 9D 00 0A 
 00 20 00 00 00 00 00 00 00 00 00 00 FF FF 00 00 00 00 00 00 00 00 00 00 00 00 00 08 11 00 00 00 00 08 BA 07 F6 00 C7 
 00 20 00 00 00 00 00 00 00 00 00 00 FF FF 00 00 00 00 00 00 00 00 00 00 00 00 00 08 49 00 00 00 00 08 23 07 9E 00 10 
 00 20 00 00 00 00 00 00 00 00 00 00 FF FF 00 00 00 00 00 00 00 00 00 00 00 00 00 08 0C 00 00 00 00 08 BA 07 F6 00 C2 
 00 1D 00 00 00 00 00 00 00 00 00 00 FF FF 00 00 00 00 00 00 00 00 00 00 00 00 00 08 47 00 00 00 00 08 1F 07 9F 00 08 
 00 1D 00 00 00 00 00 00 00 00 00 00 FF FF 00 00 00 00 00 00 00 00 00 00 00 00 00 08 11 00 00 00 00 08 22 07 F6 00 2C 
 00 1F 00 00 00 00 00 00 00 00 00 00 FF FF 00 00 00 00 00 00 00 00 00 00 00 00 00 08 45 00 00 00 00 08 25 07 9F 00 0E 
 00 1F 00 00 00 00 00 00 00 00 00 00 FF FF 00 00 00 00 00 00 00 00 00 00 00 00 00 08 47 00 00 00 00 08 25 07 9F 00 10 
 00 1F 00 00 00 00 00 00 00 00 00 00 FF FF 00 00 00 00 00 00 00 00 00 00 00 00 00 08 47 00 00 00 00 08 29 07 9E 00 13 
 00 21 00 00 00 00 00 00 00 00 00 00 FF FF 00 00 00 00 00 00 00 00 00 00 00 00 00 08 49 00 00 00 00 08 27 07 9F 00 16 
 00 21 00 00 00 00 00 00 00 00 00 00 FF FF 00 00 00 00 00 00 00 00 00 00 00 00 00 08 48 00 00 00 00 08 26 07 9F 00 14 
 00 2A 00 00 00 00 00 00 00 00 00 00 FF FF 00 00 00 00 00 00 00 00 00 00 00 00 00 08 0E 00 00 00 00 08 B7 07 F3 00 C8 
 00 2A 00 00 00 00 00 00 00 00 00 00 FF FF 00 00 00 00 00 00 00 00 00 00 00 00 00 08 0F 00 00 00 00 08 BA 07 F6 00 CF 
 00 2A 00 00 00 00 00 00 00 00 00 00 FF FF 00 00 00 00 00 00 00 00 00 00 00 00 00 08 45 00 00 00 00 08 27 07 9F 00 1B 
 00 2D 00 00 00 00 00 00 00 00 00 00 FF FF 00 00 00 00 00 00 00 00 00 00 00 00 00 08 0E 00 00 00 00 08 B5 07 F2 00 C8 
 00 2D 00 00 00 00 00 00 00 00 00 00 FF FF 00 00 00 00 00 00 00 00 00 00 00 00 00 08 46 00 00 00 00 08 27 07 9F 00 1F 
 00 2C 00 00 00 00 00 00 00 00 00 00 FF FF 00 00 00 00 00 00 00 00 00 00 00 00 00 08 0E 00 00 00 00 08 BB 07 F6 00 D1 
 00 2C 00 00 00 00 00 00 00 00 00 00 FF FF 00 00 00 00 00 00 00 00 00 00 00 00 00 08 47 00 00 00 00 08 27 07 9F 00 1F 
 00 2C 00 00 00 00 00 00 00 00 00 00 FF FF 00 00 00 00 00 00 00 00 00 00 00 00 00 08 0C 00 00 00 00 08 BA 07 F6 00 CE 
 00 2E 00 00 00 00 00 00 00 00 00 00 FF FF 00 00 00 00 00 00 00 00 00 00 00 00 00 08 0C 00 00 00 00 08 B8 07 F2 00 CA 
 00 2E 00 00 00 00 00 00 00 00 00 00 FF FF 00 00 00 00 00 00 00 00 00 00 00 00 00 08 0F 00 00 00 00 08 BC 07 F6 00 D5 
 00 29 00 00 00 00 00 00 00 00 00 00 FF FF 00 00 00 00 00 00 00 00 00 00 00 00 00 08 0A 00 00 00 00 08 B9 07 F5 00 C7 
 00 29 00 00 00 00 00 00 00 00 00 00 FF FF 00 00 00 00 00 00 00 00 00 00 00 00 00 08 45 00 00 00 00 08 26 07 9F 00 19 
 00 29 00 00 00 00 00 00 00 00 00 00 FF FF 00 00 00 00 00 00 00 00 00 00 00 00 00 08 4A 00 00 00 00 08 26 07 9F 00 1E 
 00 1A 00 00 00 00 00 00 00 00 00 00 FF FF 00 00 00 00 00 00 00 00 00 00 00 00 00 08 4A 00 00 00 00 08 27 07 9F 00 10 
 00 1A 00 00 00 00 00 00 00 00 00 00 FF FF 00 00 00 00 00 00 00 00 00 00 00 00 00 08 09 00 00 00 00 08 B9 07 F5 00 B7 
 00 1E 00 00 00 00 00 00 00 00 00 00 FF FF 00 00 00 00 00 00 00 00 00 00 00 00 00 08 3F 00 00 00 00 08 25 07 9E 00 06 
 00 1E 00 00 00 00 00 00 00 00 00 00 FF FF 00 00 00 00 00 00 00 00 00 00 00 00 00 08 0E 00 00 00 00 08 B9 07 F3 00 BE 
 00 1E 00 00 00 00 00 00 00 00 00 00 FF FF 00 00 00 00 00 00 00 00 00 00 00 00 00 08 44 00 00 00 00 08 25 07 9D 00 0A 
 00 1B 00 00 00 00 00 00 00 00 00 00 FF FF 00 00 00 00 00 00 00 00 00 00 00 00 00 08 45 00 00 00 00 08 29 07 9F 00 0E 
 00 1B 00 00 00 00 00 00 00 00 00 00 FF FF 00 00 00 00 00 00 00 00 00 00 00 00 00 08 0A 00 00 00 00 08 B9 07 F4 00 B8 
 00 1B 00 00 00 00 00 00 00 00 00 00 FF FF 00 00 00 00 00 00 00 00 00 00 00 00 00 08 42 00 00 00 00 08 27 07 9F 00 09 
 00 1B 00 00 00 00 00 00 00 00 00 00 FF FF 00 00 00 00 00 00 00 00 00 00 00 00 00 08 09 00 00 00 00 08 B8 07 F4 00 B6 
 00 1B 00 00 00 00 00 00 00 00 00 00 FF FF 00 00 00 00 00 00 00 00 00 00 00 00 00 08 49 00 00 00 00 08 26 07 9F 00 0F 
 00 1B 00 00 00 00 00 00 00 00 00 00 FF FF 00 00 00 00 00 00 00 00 00 00 00 00 00 08 48 00 00 00 00 08 29 07 A1 00 13 
 00 1B 00 00 00 00 00 00 00 00 00 00 FF FF 00 00 00 00 00 00 00 00 00 00 00 00 00 08 47 00 00 00 00 08 23 07 9E 00 09 
 00 21 00 00 00 00 00 00 00 00 00 00 FF FF 00 00 00 00 00 00 00 00 00 00 00 00 00 08 46 00 00 00 00 08 27 07 9F 00 13 
 00 21 00 00 00 00 00 00 00 00 00 00 FF FF 00 00 00 00 00 00 00 00 00 00 00 00 00 08 0E 00 00 00 00 08 B9 07 F2 00 C0 
 00 21 00 00 00 00 00 00 00 00 00 00 FF FF 00 00 00 00 00 00 00 00 00 00 00 00 00 08 48 00 00 00 00 08 24 07 9B 00 0E 
 00 1E 00 00 00 00 00 00 00 00 00 00 FF FF 00 00 00 00 00 00 00 00 00 00 00 00 00 08 0A 00 00 00 00 08 B7 07 F2 00 B7 
 00 1E 00 00 00 00 00 00 00 00 00 00 FF FF 00 00 00 00 00 00 00 00 00 00 00 00 00 08 4A 00 00 00 00 08 27 07 9F 00 14 
 00 27 00 00 00 00 00 00 00 00 00 00 FF FF 00 00 00 00 00 00 00 00 00 00 00 00 00 08 0A 00 00 00 00 08 BB 07 F3 00 C5 
 00 27 00 00 00 00 00 00 00 00 00 00 FF FF 00 00 00 00 00 00 00 00 00 00 00 00 00 08 53 00 00 00 00 08 23 07 9D 00 20 
 00 27 00 00 00 00 00 00 00 00 00 00 FF FF 00 00 00 00 00 00 00 00 00 00 00 00 00 08 07 00 00 00 00 08 24 07 F2 00 2A 
 00 2D 00 00 00 00 00 00 00 00 00 00 FF FF 00 00 00 00 00 00 00 00 00 00 00 00 00 08 07 00 00 00 00 08 23 07 F2 00 2F 
 00 2D 00 00 00 00 00 00 00 00 00 00 FF FF 00 00 00 00 00 00 00 00 00 00 00 00 00 08 06 00 00 00 00 08 23 07 F1 00 2D 
 00 33 00 00 00 00 00 00 00 00 00 00 FF FF 00 00 00 00 00 00 00 00 00 00 00 00 00 08 04 00 00 00 00 08 23 07 F3 00 33 
 00 33 00 00 00 00 00 00 00 00 00 00 FF FF 00 00 00 00 00 00 00 00 00 00 00 00 00 08 0C 00 00 00 00 08 23 07 F2 00 3A 
 00 33 00 00 00 00 00 00 00 00 00 00 FF FF 00 00 00 00 00 00 00 00 00 00 00 00 00 08 08 00 00 00 00 08 22 07 F2 00 35 
 00 34 00 00 00 00 00 00 00 00 00 00 FF FF 00 00 00 00 00 00 00 00 00 00 00 00 00 08 57 00 00 00 00 08 21 07 9D 00 2F 
 00 34 00 00 00 00 00 00 00 00 00 00 FF FF 00 00 00 00 00 00 00 00 00 00 00 00 00 08 4F 00 00 00 00 08 21 07 9A 00 24 
 00 35 00 00 00 00 00 00 00 00 00 00 FF FF 00 00 00 00 00 00 00 00 00 00 00 00 00 08 51 00 00 00 00 08 39 07 A7 00 4C 
 00 35 00 00 00 00 00 00 00 00 00 00 FF FF 00 00 00 00 00 00 00 00 00 00 00 00 00 08 0B 00 00 00 00 08 C5 07 F1 00 DC 
 00 35 00 00 00 00 00 00 00 00 00 00 FF FF 00 00 00 00 00 00 00 00 00 00 00 00 00 08 0B 00 00 00 00 08 26 07 F0 00 3C 
 00 36 00 00 00 00 00 00 00 00 00 00 FF FF 00 00 00 00 00 00 00 00 00 00 00 00 00 08 06 00 00 00 00 08 27 07 EA 00 33 
 00 36 00 00 00 00 00 00 00 00 00 00 FF FF 00 00 00 00 00 00 00 00 00 00 00 00 00 08 06 00 00 00 00 08 2B 07 ED 00 3A 
 00 36 00 00 00 00 00 00 00 00 00 00 FF FF 00 00 00 00 00 00 00 00 00 00 00 00 00 08 57 00 00 00 00 08 2A 07 9D 00 3A 
 00 2C 00 00 00 00 00 00 00 00 00 00 FF FF 00 00 00 00 00 00 00 00 00 00 00 00 00 08 56 00 00 00 00 08 2C 07 9F 00 33 
 00 2C 00 00 00 00 00 00 00 00 00 00 FF FF 00 00 00 00 00 00 00 00 00 00 00 00 00 08 53 00 00 00 00 08 23 07 9D 00 25 
 00 1C 00 00 00 00 00 00 00 00 00 00 FF FF 00 00 00 00 00 00 00 00 00 00 00 00 00 08 04 00 00 00 00 08 D1 07 F8 00 CF 
 00 1C 00 00 00 00 00 00 00 00 00 00 FF FF 00 00 00 00 00 00 00 00 00 00 00 00 00 08 04 00 00 00 00 08 C2 07 F1 00 B9 
 00 18 00 00 00 00 00 00 00 00 00 00 FF FF 00 00 00 00 00 00 00 00 00 00 00 00 00 08 0A 00 00 00 00 08 27 07 F3 00 22 
 00 18 00 00 00 00 00 00 00 00 00 00 FF FF 00 00 00 00 00 00 00 00 00 00 00 00 00 08 0E 00 00 00 00 08 27 07 EE 00 21 
 00 18 00 00 00 00 00 00 00 00 00 00 FF FF 00 00 00 00 00 00 00 00 00 00 00 00 00 08 09 00 00 00 00 08 27 07 ED 00 1B 
 00 1C 00 00 00 00 00 00 00 00 00 00 FF FF 00 00 00 00 00 00 00 00 00 00 00 00 00 08 5A 00 00 00 00 08 2A 07 9F 00 25 
 00 1C 00 00 00 00 00 00 00 00 00 00 FF FF 00 00 00 00 00 00 00 00 00 00 00 00 00 08 07 00 00 00 00 08 C0 07 EB 00 B4 
 00 1F 00 00 00 00 00 00 00 00 00 00 FF FF 00 00 00 00 00 00 00 00 00 00 00 00 00 08 52 00 00 00 00 08 29 07 A1 00 21 
 00 1F 00 00 00 00 00 00 00 00 00 00 FF FF 00 00 00 00 00 00 00 00 00 00 00 00 00 08 08 00 00 00 00 08 BE 07 F0 00 BB 
 00 1F 00 00 00 00 00 00 00 00 00 00 FF FF 00 00 00 00 00 00 00 00 00 00 00 00 00 08 5A 00 00 00 00 08 27 07 9E 00 24 
 00 1E 00 00 00 00 00 00 00 00 00 00 FF FF 00 00 00 00 00 00 00 00 00 00 00 00 00 08 56 00 00 00 00 08 2A 07 9F 00 23 
 00 1E 00 00 00 00 00 00 00 00 00 00 FF FF 00 00 00 00 00 00 00 00 00 00 00 00 00 08 07 00 00 00 00 08 2C 07 EF 00 26 
 00 22 00 00 00 00 00 00 00 00 00 00 FF FF 00 00 00 00 00 00 00 00 00 00 00 00 00 08 51 00 00 00 00 08 25 07 9E 00 1C 
 00 22 00 00 00 00 00 00 00 00 00 00 FF FF 00 00 00 00 00 00 00 00 00 00 00 00 00 08 09 00 00 00 00 08 27 07 EA 00 22 
 00 22 00 00 00 00 00 00 00 00 00 00 FF FF 00 00 00 00 00 00 00 00 00 00 00 00 00 08 05 00 00 00 00 08 27 07 EE 00 22 
 00 26 00 00 00 00 00 00 00 00 00 00 FF FF 00 00 00 00 00 00 00 00 00 00 00 00 00 08 07 00 00 00 00 08 27 07 EA 00 24 
 00 26 00 00 00 00 00 00 00 00 00 00 FF FF 00 00 00 00 00 00 00 00 00 00 00 00 00 08 09 00 00 00 00 08 29 07 EE 00 2C 
 00 26 00 00 00 00 00 00 00 00 00 00 FF FF 00 00 00 00 00 00 00 00 00 00 00 00 00 08 57 00 00 00 00 08 29 07 9F 00 2B 
 00 29 00 00 00 00 00 00 00 00 00 00 FF FF 00 00 00 00 00 00 00 00 00 00 00 00 00 08 08 00 00 00 00 08 3F 07 FD 00 53 
 00 29 00 00 00 00 00 00 00 00 00 00 FF FF 00 00 00 00 00 00 00 00 00 00 00 00 00 08 51 00 00 00 00 08 31 07 A7 00 38 
 00 2B 00 00 00 00 00 00 00 00 00 00 FF FF 00 00 00 00 00 00 00 00 00 00 00 00 00 08 07 00 00 00 00 08 29 07 EC 00 2D 
 00 2B 00 00 00 00 00 00 00 00 00 00 FF FF 00 00 00 00 00 00 00 00 00 00 00 00 00 08 03 00 00 00 00 08 29 07 EA 00 27 
 00 2D 00 00 00 00 00 00 00 00 00 00 FF FF 00 00 00 00 00 00 00 00 00 00 00 00 00 08 56 00 00 00 00 08 29 07 9D 00 2F 
 00 2D 00 00 00 00 00 00 00 00 00 00 FF FF 00 00 00 00 00 00 00 00 00 00 00 00 00 08 59 00 00 00 00 08 2B 07 A2 00 39 
 00 2D 00 00 00 00 00 00 00 00 00 00 FF FF 00 00 00 00 00 00 00 00 00 00 00 00 00 08 02 00 00 00 00 08 29 07 EC 00 2A 
 00 2B 00 00 00 00 00 00 00 00 00 00 FF FF 00 00 00 00 00 00 00 00 00 00 00 00 00 08 56 00 00 00 00 08 2A 07 9E 00 2F 
 00 2B 00 00 00 00 00 00 00 00 00 00 FF FF 00 00 00 00 00 00 00 00 00 00 00 00 00 08 54 00 00 00 00 08 2B 07 9F 00 2F 
 00 27 00 00 00 00 00 00 00 00 00 00 FF FF 00 00 00 00 00 00 00 00 00 00 00 00 00 08 55 00 00 00 00 08 2C 07 9F 00 2D 
 00 27 00 00 00 00 00 00 00 00 00 00 FF FF 00 00 00 00 00 00 00 00 00 00 00 00 00 08 57 00 00 00 00 08 2D 07 A1 00 32 
 00 27 00 00 00 00 00 00 00 00 00 00 FF FF 00 00 00 00 00 00 00 00 00 00 00 00 00 08 05 00 00 00 00 08 29 07 EC 00 27 
 00 22 00 00 00 00 00 00 00 00 00 00 FF FF 00 00 00 00 00 00 00 00 00 00 00 00 00 08 05 00 00 00 00 08 2C 07 EC 00 25 
 00 22 00 00 00 00 00 00 00 00 00 00 FF FF 00 00 00 00 00 00 00 00 00 00 00 00 00 08 58 00 00 00 00 08 2D 07 A1 00 2E 
 00 1D 00 00 00 00 00 00 00 00 00 00 FF FF 00 00 00 00 00 00 00 00 00 00 00 00 00 08 07 00 00 00 00 08 2C 07 EC 00 22 
 00 1D 00 00 00 00 00 00 00 00 00 00 FF FF 00 00 00 00 00 00 00 00 00 00 00 00 00 08 5B 00 00 00 00 08 2B 07 9F 00 28 
 00 1D 00 00 00 00 00 00 00 00 00 00 FF FF 00 00 00 00 00 00 00 00 00 00 00 00 00 08 57 00 00 00 00 08 2A 07 9F 00 23 
 00 1A 00 00 00 00 00 00 00 00 00 00 FF FF 00 00 00 00 00 00 00 00 00 00 00 00 00 08 0A 00 00 00 00 08 2D 07 F0 00 27 
 00 1A 00 00 00 00 00 00 00 00 00 00 FF FF 00 00 00 00 00 00 00 00 00 00 00 00 00 08 52 00 00 00 00 08 18 07 99 00 03 
 00 1B 00 00 00 00 00 00 00 00 00 00 FF FF 00 00 00 00 00 00 00 00 00 00 00 00 00 08 03 00 00 00 00 08 22 07 E7 00 0D 
 00 1B 00 00 00 00 00 00 00 00 00 00 FF FF 00 00 00 00 00 00 00 00 00 00 00 00 00 07 F9 00 00 00 00 08 16 07 E6 00 F5 
 00 1B 00 00 00 00 00 00 00 00 00 00 FF FF 00 00 00 00 00 00 00 00 00 00 00 00 00 08 52 00 00 00 00 08 1D 07 91 00 01 
 00 1A 00 00 00 00 00 00 00 00 00 00 FF FF 00 00 00 00 00 00 00 00 00 00 00 00 00 08 55 00 00 00 00 08 15 07 96 00 00 
 00 1A 00 00 00 00 00 00 00 00 00 00 FF FF 00 00 00 00 00 00 00 00 00 00 00 00 00 08 59 00 00 00 00 08 1E 07 AB 00 22 
 00 20 00 00 00 00 00 00 00 00 00 00 FF FF 00 00 00 00 00 00 00 00 00 00 00 00 00 08 0A 00 00 00 00 08 B5 07 F2 00 B7 
 00 20 00 00 00 00 00 00 00 00 00 00 FF FF 00 00 00 00 00 00 00 00 00 00 00 00 00 08 02 00 00 00 00 08 1E 07 EE 00 14 
 00 20 00 00 00 00 00 00 00 00 00 00 FF FF 00 00 00 00 00 00 00 00 00 00 00 00 00 08 58 00 00 00 00 08 27 07 A1 00 26 
 00 1D 00 00 00 00 00 00 00 00 00 00 FF FF 00 00 00 00 00 00 00 00 00 00 00 00 00 08 03 00 00 00 00 08 2A 07 EA 00 1A 
 00 1D 00 00 00 00 00 00 00 00 00 00 FF FF 00 00 00 00 00 00 00 00 00 00 00 00 00 08 04 00 00 00 00 08 16 07 E8 00 05 
 00 21 00 00 00 00 00 00 00 00 00 00 FF FF 00 00 00 00 00 00 00 00 00 00 00 00 00 08 50 00 00 00 00 08 0A 07 92 00 F3 
 00 21 00 00 00 00 00 00 00 00 00 00 FF FF 00 00 00 00 00 00 00 00 00 00 00 00 00 08 67 00 00 00 00 08 04 07 82 00 F4 
 00 21 00 00 00 00 00 00 00 00 00 00 FF FF 00 00 00 00 00 00 00 00 00 00 00 00 00 07 DB 00 00 00 00 08 22 07 EF 00 F2 
 00 26 00 00 00 00 00 00 00 00 00 00 FF FF 00 00 00 00 00 00 00 00 00 00 00 00 00 08 02 00 00 00 00 08 25 07 AE 00 E1 
 00 26 00 00 00 00 00 00 00 00 00 00 FF FF 00 00 00 00 00 00 00 00 00 00 00 00 00 07 BF 00 00 00 00 08 27 07 9E 00 8F 
 00 2C 00 00 00 00 00 00 00 00 00 00 FF FF 00 00 00 00 00 00 00 00 00 00 00 00 00 08 58 00 00 00 00 08 25 07 97 00 26 
 00 2C 00 00 00 00 00 00 00 00 00 00 FF FF 00 00 00 00 00 00 00 00 00 00 00 00 00 08 54 00 00 00 00 08 32 07 B1 00 49 
 00 2C 00 00 00 00 00 00 00 00 00 00 FF FF 00 00 00 00 00 00 00 00 00 00 00 00 00 08 59 00 00 00 00 08 09 07 97 00 0B 
 00 2E 00 00 00 00 00 00 00 00 00 00 FF FF 00 00 00 00 00 00 00 00 00 00 00 00 00 07 BD 00 00 00 00 08 07 07 91 00 68 
 00 2E 00 00 00 00 00 00 00 00 00 00 FF FF 00 00 00 00 00 00 00 00 00 00 00 00 00 07 B9 00 00 00 00 08 09 07 86 00 5B 
 00 2E 00 00 00 00 00 00 00 00 00 00 FF FF 00 00 00 00 00 00 00 00 00 00 00 00 00 08 5A 00 00 00 00 08 18 07 9D 00 23 
 00 2E 00 00 00 00 00 00 00 00 00 00 FF FF 00 00 00 00 00 00 00 00 00 00 00 00 00 08 02 00 00 00 00 08 91 07 DE 00 85 
 00 2E 00 00 00 00 00 00 00 00 00 00 FF FF 00 00 00 00 00 00 00 00 00 00 00 00 00 08 08 00 00 00 00 08 A5 07 ED 00 AE 
 00 34 00 00 00 00 00 00 00 00 00 00 FF FF 00 00 00 00 00 00 00 00 00 00 00 00 00 08 05 00 00 00 00 08 A1 07 E5 00 A5 
 00 34 00 00 00 00 00 00 00 00 00 00 FF FF 00 00 00 00 00 00 00 00 00 00 00 00 00 08 0C 00 00 00 00 08 C3 07 F3 00 DC 
 00 2B 00 00 00 00 00 00 00 00 00 00 FF FF 00 00 00 00 00 00 00 00 00 00 00 00 00 08 5C 00 00 00 00 08 3A 07 AA 00 51 
 00 2B 00 00 00 00 00 00 00 00 00 00 FF FF 00 00 00 00 00 00 00 00 00 00 00 00 00 08 55 00 00 00 00 08 30 07 A6 00 3C 
 00 2B 00 00 00 00 00 00 00 00 00 00 FF FF 00 00 00 00 00 00 00 00 00 00 00 00 00 08 54 00 00 00 00 08 25 07 96 00 20 
 00 2D 00 00 00 00 00 00 00 00 00 00 FF FF 00 00 00 00 00 00 00 00 00 00 00 00 00 07 F9 00 00 00 00 08 95 07 D6 00 76 
 00 2D 00 00 00 00 00 00 00 00 00 00 FF FF 00 00 00 00 00 00 00 00 00 00 00 00 00 08 00 00 00 00 00 08 87 07 D3 00 6D 
 00 20 00 00 00 00 00 00 00 00 00 00 FF FF 00 00 00 00 00 00 00 00 00 00 00 00 00 08 06 00 00 00 00 08 9D 07 EB 00 94 
 00 20 00 00 00 00 00 00 00 00 00 00 FF FF 00 00 00 00 00 00 00 00 00 00 00 00 00 08 5F 00 00 00 00 08 3B 07 B2 00 52 
 00 20 00 00 00 00 00 00 00 00 00 00 FF FF 00 00 00 00 00 00 00 00 00 00 00 00 00 08 01 00 00 00 00 08 B8 07 ED 00 AC 
 00 1F 00 00 00 00 00 00 00 00 00 00 FF FF 00 00 00 00 00 00 00 00 00 00 00 00 00 08 4B 00 00 00 00 08 25 07 9D 00 12 
 00 1F 00 00 00 00 00 00 00 00 00 00 FF FF 00 00 00 00 00 00 00 00 00 00 00 00 00 08 4B 00 00 00 00 08 2B 07 A2 00 1D 
 00 1B 00 00 00 00 00 00 00 00 00 00 FF FF 00 00 00 00 00 00 00 00 00 00 00 00 00 07 FE 00 00 00 00 08 B7 07 E0 00 95 
 00 1B 00 00 00 00 00 00 00 00 00 00 FF FF 00 00 00 00 00 00 00 00 00 00 00 00 00 08 4B 00 00 00 00 08 19 07 98 00 FD 
 00 1B 00 00 00 00 00 00 00 00 00 00 FF FF 00 00 00 00 00 00 00 00 00 00 00 00 00 07 FD 00 00 00 00 08 95 07 DB 00 6D 
 00 1E 00 00 00 00 00 00 00 00 00 00 FF FF 00 00 00 00 00 00 00 00 00 00 00 00 00 08 53 00 00 00 00 08 15 07 9D 00 09 
 00 1E 00 00 00 00 00 00 00 00 00 00 FF FF 00 00 00 00 00 00 00 00 00 00 00 00 00 08 52 00 00 00 00 08 0A 07 95 00 F5 
 00 1E 00 00 00 00 00 00 00 00 00 00 FF FF 00 00 00 00 00 00 00 00 00 00 00 00 00 08 51 00 00 00 00 08 05 07 92 00 EC 
 00 1B 00 00 00 00 00 00 00 00 00 00 FF FF 00 00 00 00 00 00 00 00 00 00 00 00 00 07 FD 00 00 00 00 08 7D 07 D1 00 4B 
 00 1B 00 00 00 00 00 00 00 00 00 00 FF FF 00 00 00 00 00 00 00 00 00 00 00 00 00 07 FE 00 00 00 00 08 7B 07 D0 00 49 
 00 22 00 00 00 00 00 00 00 00 00 00 FF FF 00 00 00 00 00 00 00 00 00 00 00 00 00 08 41 00 00 00 00 08 05 07 8B 00 D9 
 00 22 00 00 00 00 00 00 00 00 00 00 FF FF 00 00 00 00 00 00 00 00 00 00 00 00 00 08 05 00 00 00 00 08 9E 07 EA 00 95 
 00 25 00 00 00 00 00 00 00 00 00 00 FF FF 00 00 00 00 00 00 00 00 00 00 00 00 00 08 09 00 00 00 00 08 C2 07 F3 00 C9 
 00 25 00 00 00 00 00 00 00 00 00 00 FF FF 00 00 00 00 00 00 00 00 00 00 00 00 00 08 57 00 00 00 00 08 29 07 A2 00 2D 
 00 25 00 00 00 00 00 00 00 00 00 00 FF FF 00 00 00 00 00 00 00 00 00 00 00 00 00 08 54 00 00 00 00 08 27 07 A1 00 27 
 00 2E 00 00 00 00 00 00 00 00 00 00 FF FF 00 00 00 00 00 00 00 00 00 00 00 00 00 08 57 00 00 00 00 08 2A 07 9F 00 34 
 00 2E 00 00 00 00 00 00 00 00 00 00 FF FF 00 00 00 00 00 00 00 00 00 00 00 00 00 08 04 00 00 00 00 08 B6 07 E1 00 AF 
 00 31 00 00 00 00 00 00 00 00 00 00 FF FF 00 00 00 00 00 00 00 00 00 00 00 00 00 08 56 00 00 00 00 08 34 07 B4 00 55 
 00 31 00 00 00 00 00 00 00 00 00 00 FF FF 00 00 00 00 00 00 00 00 00 00 00 00 00 08 03 00 00 00 00 08 B3 07 EC 00 B9 
 00 31 00 00 00 00 00 00 00 00 00 00 FF FF 00 00 00 00 00 00 00 00 00 00 00 00 00 08 05 00 00 00 00 08 B7 07 ED 00 C0 
 00 35 00 00 00 00 00 00 00 00 00 00 FF FF 00 00 00 00 00 00 00 00 00 00 00 00 00 08 50 00 00 00 00 08 29 07 A1 00 35 
 00 35 00 00 00 00 00 00 00 00 00 00 FF FF 00 00 00 00 00 00 00 00 00 00 00 00 00 07 FC 00 00 00 00 08 B4 07 DF 00 A9 
 00 37 00 00 00 00 00 00 00 00 00 00 FF FF 00 00 00 00 00 00 00 00 00 00 00 00 00 07 FF 00 00 00 00 08 92 07 D3 00 80 
 00 37 00 00 00 00 00 00 00 00 00 00 FF FF 00 00 00 00 00 00 00 00 00 00 00 00 00 08 57 00 00 00 00 08 29 07 A4 00 41 
 00 37 00 00 00 00 00 00 00 00 00 00 FF FF 00 00 00 00 00 00 00 00 00 00 00 00 00 07 FD 00 00 00 00 08 83 07 D0 00 6C 
 00 37 00 00 00 00 00 00 00 00 00 00 FF FF 00 00 00 00 00 00 00 00 00 00 00 00 00 08 55 00 00 00 00 08 0E 07 96 00 16 
 00 37 00 00 00 00 00 00 00 00 00 00 FF FF 00 00 00 00 00 00 00 00 00 00 00 00 00 07 FB 00 00 00 00 08 7D 07 D2 00 66 
 00 33 00 00 00 00 00 00 00 00 00 00 FF FF 00 00 00 00 00 00 00 00 00 00 00 00 00 08 56 00 00 00 00 08 0B 07 95 00 0F 
 00 33 00 00 00 00 00 00 00 00 00 00 FF FF 00 00 00 00 00 00 00 00 00 00 00 00 00 08 53 00 00 00 00 08 09 07 94 00 09 
 00 33 00 00 00 00 00 00 00 00 00 00 FF FF 00 00 00 00 00 00 00 00 00 00 00 00 00 08 53 00 00 00 00 08 06 07 93 00 05 
 00 2C 00 00 00 00 00 00 00 00 00 00 FF FF 00 00 00 00 00 00 00 00 00 00 00 00 00 08 53 00 00 00 00 08 09 07 95 00 03 
 00 2C 00 00 00 00 00 00 00 00 00 00 FF FF 00 00 00 00 00 00 00 00 00 00 00 00 00 08 4E 00 00 00 00 08 09 07 95 00 FE 
 00 1D 00 00 00 00 00 00 00 00 00 00 FF FF 00 00 00 00 00 00 00 00 00 00 00 00 00 07 F9 00 00 00 00 08 75 07 CD 00 3D 
 00 1D 00 00 00 00 00 00 00 00 00 00 FF FF 00 00 00 00 00 00 00 00 00 00 00 00 00 08 4F 00 00 00 00 08 08 07 94 00 EE 
 00 1D 00 00 00 00 00 00 00 00 00 00 FF FF 00 00 00 00 00 00 00 00 00 00 00 00 00 08 49 00 00 00 00 08 09 07 94 00 E9 
 00 1D 00 00 00 00 00 00 00 00 00 00 FF FF 00 00 00 00 00 00 00 00 00 00 00 00 00 08 47 00 00 00 00 08 09 07 94 00 E7 
 00 1D 00 00 00 00 00 00 00 00 00 00 FF FF 00 00 00 00 00 00 00 00 00 00 00 00 00 08 4E 00 00 00 00 08 0B 07 96 00 F2 
 00 1C 00 00 00 00 00 00 00 00 00 00 FF FF 00 00 00 00 00 00 00 00 00 00 00 00 00 07 F7 00 00 00 00 08 76 07 CD 00 3B 
 00 1C 00 00 00 00 00 00 00 00 00 00 FF FF 00 00 00 00 00 00 00 00 00 00 00 00 00 07 F6 00 00 00 00 08 78 07 CD 00 3C 
 00 1C 00 00 00 00 00 00 00 00 00 00 FF FF 00 00 00 00 00 00 00 00 00 00 00 00 00 08 50 00 00 00 00 08 09 07 95 00 F0 
 00 1D 00 00 00 00 00 00 00 00 00 00 FF FF 00 00 00 00 00 00 00 00 00 00 00 00 00 08 01 00 00 00 00 08 75 07 CB 00 44 
 00 1D 00 00 00 00 00 00 00 00 00 00 FF FF 00 00 00 00 00 00 00 00 00 00 00 00 00 08 53 00 00 00 00 08 1B 07 A9 00 1A 
 00 1D 00 00 00 00 00 00 00 00 00 00 FF FF 00 00 00 00 00 00 00 00 00 00 00 00 00 08 59 00 00 00 00 08 43 07 B3 00 52 
 00 1B 00 00 00 00 00 00 00 00 00 00 FF FF 00 00 00 00 00 00 00 00 00 00 00 00 00 08 4F 00 00 00 00 08 2D 07 A4 00 21 
 00 1B 00 00 00 00 00 00 00 00 00 00 FF FF 00 00 00 00 00 00 00 00 00 00 00 00 00 07 FC 00 00 00 00 08 B7 07 EA 00 9D 
 00 1F 00 00 00 00 00 00 00 00 00 00 FF FF 00 00 00 00 00 00 00 00 00 00 00 00 00 08 4E 00 00 00 00 08 2A 07 99 00 16 
 00 1F 00 00 00 00 00 00 00 00 00 00 FF FF 00 00 00 00 00 00 00 00 00 00 00 00 00 07 F8 00 00 00 00 08 A9 07 DC 00 81 
 00 25 00 00 00 00 00 00 00 00 00 00 FF FF 00 00 00 00 00 00 00 00 00 00 00 00 00 08 07 00 00 00 00 08 B6 07 E8 00 B0 
 00 25 00 00 00 00 00 00 00 00 00 00 FF FF 00 00 00 00 00 00 00 00 00 00 00 00 00 08 09 00 00 00 00 08 AC 07 F0 00 B0 
 00 25 00 00 00 00 00 00 00 00 00 00 FF FF 00 00 00 00 00 00 00 00 00 00 00 00 00 08 54 00 00 00 00 08 25 07 A2 00 26 
 00 2A 00 00 00 00 00 00 00 00 00 00 FF FF 00 00 00 00 00 00 00 00 00 00 00 00 00 08 54 00 00 00 00 08 2D 07 A5 00 36 
 00 2A 00 00 00 00 00 00 00 00 00 00 FF FF 00 00 00 00 00 00 00 00 00 00 00 00 00 07 FC 00 00 00 00 08 B5 07 DD 00 9D 
 00 33 00 00 00 00 00 00 00 00 00 00 FF FF 00 00 00 00 00 00 00 00 00 00 00 00 00 08 50 00 00 00 00 08 32 07 A2 00 3D 
 00 33 00 00 00 00 00 00 00 00 00 00 FF FF 00 00 00 00 00 00 00 00 00 00 00 00 00 07 F8 00 00 00 00 08 8E 07 D1 00 6F 
 00 33 00 00 00 00 00 00 00 00 00 00 FF FF 00 00 00 00 00 00 00 00 00 00 00 00 00 08 09 00 00 00 00 08 BD 07 EB 00 CA 
 00 39 00 00 00 00 00 00 00 00 00 00 FF FF 00 00 00 00 00 00 00 00 00 00 00 00 00 08 3B 00 00 00 00 08 35 07 B7 00 46 
 00 39 00 00 00 00 00 00 00 00 00 00 FF FF 00 00 00 00 00 00 00 00 00 00 00 00 00 07 FD 00 00 00 00 08 AE 07 DC 00 A5 
 00 3A 00 00 00 00 00 00 00 00 00 00 FF FF 00 00 00 00 00 00 00 00 00 00 00 00 00 08 4E 00 00 00 00 08 2A 07 9E 00 36 
 00 3A 00 00 00 00 00 00 00 00 00 00 FF FF 00 00 00 00 00 00 00 00 00 00 00 00 00 07 F8 00 00 00 00 08 8D 07 D1 00 75 
 00 3A 00 00 00 00 00 00 00 00 00 00 FF FF 00 00 00 00 00 00 00 00 00 00 00 00 00 08 53 00 00 00 00 08 27 07 A3 00 3D 
 00 3B 00 00 00 00 00 00 00 00 00 00 FF FF 00 00 00 00 00 00 00 00 00 00 00 00 00 08 55 00 00 00 00 08 25 07 9D 00 38 
 00 3B 00 00 00 00 00 00 00 00 00 00 FF FF 00 00 00 00 00 00 00 00 00 00 00 00 00 07 FA 00 00 00 00 08 8B 07 CE 00 73 
 00 36 00 00 00 00 00 00 00 00 00 00 FF FF 00 00 00 00 00 00 00 00 00 00 00 00 00 08 02 00 00 00 00 08 91 07 D5 00 84 
 00 36 00 00 00 00 00 00 00 00 00 00 FF FF 00 00 00 00 00 00 00 00 00 00 00 00 00 08 05 00 00 00 00 08 A3 07 E7 00 AB 
 00 36 00 00 00 00 00 00 00 00 00 00 FF FF 00 00 00 00 00 00 00 00 00 00 00 00 00 08 08 00 00 00 00 08 C1 07 EE 00 D3 
 00 30 00 00 00 00 00 00 00 00 00 00 FF FF 00 00 00 00 00 00 00 00 00 00 00 00 00 08 59 00 00 00 00 08 2B 07 A4 00 3E 
 00 30 00 00 00 00 00 00 00 00 00 00 FF FF 00 00 00 00 00 00 00 00 00 00 00 00 00 07 FE 00 00 00 00 08 B4 07 DD 00 A4 
 00 26 00 00 00 00 00 00 00 00 00 00 FF FF 00 00 00 00 00 00 00 00 00 00 00 00 00 08 4A 00 00 00 00 08 19 07 98 00 07 
 00 26 00 00 00 00 00 00 00 00 00 00 FF FF 00 00 00 00 00 00 00 00 00 00 00 00 00 07 F8 00 00 00 00 08 A9 07 EC 00 98 
 00 26 00 00 00 00 00 00 00 00 00 00 FF FF 00 00 00 00 00 00 00 00 00 00 00 00 00 08 53 00 00 00 00 08 33 07 A8 00 3A 
 00 1E 00 00 00 00 00 00 00 00 00 00 FF FF 00 00 00 00 00 00 00 00 00 00 00 00 00 08 5E 00 00 00 00 08 4C 07 B7 00 65 
 00 1E 00 00 00 00 00 00 00 00 00 00 FF FF 00 00 00 00 00 00 00 00 00 00 00 00 00 07 FD 00 00 00 00 08 B6 07 EA 00 A0 
 00 1C 00 00 00 00 00 00 00 00 00 00 FF FF 00 00 00 00 00 00 00 00 00 00 00 00 00 08 02 00 00 00 00 08 B3 07 DD 00 94 
 00 1C 00 00 00 00 00 00 00 00 00 00 FF FF 00 00 00 00 00 00 00 00 00 00 00 00 00 08 02 00 00 00 00 08 B1 07 F2 00 A7 
 00 1C 00 00 00 00 00 00 00 00 00 00 FF FF 00 00 00 00 00 00 00 00 00 00 00 00 00 08 56 00 00 00 00 08 4B 07 B6 00 59 
 00 1D 00 00 00 00 00 00 00 00 00 00 FF FF 00 00 00 00 00 00 00 00 00 00 00 00 00 08 57 00 00 00 00 08 2C 07 A5 00 2B 
 00 1D 00 00 00 00 00 00 00 00 00 00 FF FF 00 00 00 00 00 00 00 00 00 00 00 00 00 08 0E 00 00 00 00 08 A3 07 DD 00 91 
 00 1A 00 00 00 00 00 00 00 00 00 00 FF FF 00 00 00 00 00 00 00 00 00 00 00 00 00 07 D0 00 00 00 00 08 B3 07 E5 00 67 
 00 1A 00 00 00 00 00 00 00 00 00 00 FF FF 00 00 00 00 00 00 00 00 00 00 00 00 00 07 D3 00 00 00 00 08 B7 07 E3 00 6C 
 00 1A 00 00 00 00 00 00 00 00 00 00 FF FF 00 00 00 00 00 00 00 00 00 00 00 00 00 08 59 00 00 00 00 08 34 07 AF 00 3C 
 00 20 00 00 00 00 00 00 00 00 00 00 FF FF 00 00 00 00 00 00 00 00 00 00 00 00 00 07 FE 00 00 00 00 08 7F 07 D4 00 56 
 00 20 00 00 00 00 00 00 00 00 00 00 FF FF 00 00 00 00 00 00 00 00 00 00 00 00 00 08 5A 00 00 00 00 08 12 07 9B 00 0D 
 00 20 00 00 00 00 00 00 00 00 00 00 FF FF 00 00 00 00 00 00 00 00 00 00 00 00 00 08 56 00 00 00 00 08 18 07 A8 00 1C 
 00 23 00 00 00 00 00 00 00 00 00 00 FF FF 00 00 00 00 00 00 00 00 00 00 00 00 00 08 01 00 00 00 00 08 A5 07 E5 00 94 
 00 23 00 00 00 00 00 00 00 00 00 00 FF FF 00 00 00 00 00 00 00 00 00 00 00 00 00 08 5D 00 00 00 00 08 47 07 B3 00 60 
 00 2B 00 00 00 00 00 00 00 00 00 00 FF FF 00 00 00 00 00 00 00 00 00 00 00 00 00 08 59 00 00 00 00 08 29 07 A3 00 36 
 00 2B 00 00 00 00 00 00 00 00 00 00 FF FF 00 00 00 00 00 00 00 00 00 00 00 00 00 08 58 00 00 00 00 08 27 07 9A 00 2A 
 00 31 00 00 00 00 00 00 00 00 00 00 FF FF 00 00 00 00 00 00 00 00 00 00 00 00 00 08 01 00 00 00 00 08 BA 07 E2 00 B4 
 00 31 00 00 00 00 00 00 00 00 00 00 FF FF 00 00 00 00 00 00 00 00 00 00 00 00 00 08 5B 00 00 00 00 08 3D 07 BB 00 6A 
 00 31 00 00 00 00 00 00 00 00 00 00 FF FF 00 00 00 00 00 00 00 00 00 00 00 00 00 07 FB 00 00 00 00 08 9D 07 DD 00 8B 
 00 37 00 00 00 00 00 00 00 00 00 00 FF FF 00 00 00 00 00 00 00 00 00 00 00 00 00 08 02 00 00 00 00 08 C3 07 E0 00 C2 
 00 37 00 00 00 00 00 00 00 00 00 00 FF FF 00 00 00 00 00 00 00 00 00 00 00 00 00 07 F9 00 00 00 00 08 C0 07 E8 00 BD 
 00 3D 00 00 00 00 00 00 00 00 00 00 FF FF 00 00 00 00 00 00 00 00 00 00 00 00 00 08 5D 00 00 00 00 08 3F 07 A7 00 66 
 00 3D 00 00 00 00 00 00 00 00 00 00 FF FF 00 00 00 00 00 00 00 00 00 00 00 00 00 07 BD 00 00 00 00 08 2D 07 A4 00 B0 
 00 3D 00 00 00 00 00 00 00 00 00 00 FF FF 00 00 00 00 00 00 00 00 00 00 00 00 00 07 CF 00 00 00 00 08 C0 07 E0 00 91 
 00 3D 00 00 00 00 00 00 00 00 00 00 FF FF 00 00 00 00 00 00 00 00 00 00 00 00 00 08 4B 00 00 00 00 08 35 07 A5 00 48 
 00 3D 00 00 00 00 00 00 00 00 00 00 FF FF 00 00 00 00 00 00 00 00 00 00 00 00 00 08 61 00 00 00 00 08 22 07 A5 00 4B 
 00 3A 00 00 00 00 00 00 00 00 00 00 FF FF 00 00 00 00 00 00 00 00 00 00 00 00 00 08 62 00 00 00 00 08 22 07 AC 00 50 
 00 3A 00 00 00 00 00 00 00 00 00 00 FF FF 00 00 00 00 00 00 00 00 00 00 00 00 00 08 5E 00 00 00 00 08 31 07 AE 00 5D 
 00 3A 00 00 00 00 00 00 00 00 00 00 FF FF 00 00 00 00 00 00 00 00 00 00 00 00 00 08 43 00 00 00 00 08 41 07 B1 00 55 
 00 3A 00 00 00 00 00 00 00 00 00 00 FF FF 00 00 00 00 00 00 00 00 00 00 00 00 00 07 FE 00 00 00 00 08 BA 07 DD 00 B4 
 00 3A 00 00 00 00 00 00 00 00 00 00 FF FF 00 00 00 00 00 00 00 00 00 00 00 00 00 08 5B 00 00 00 00 08 31 07 A3 00 4F 
 00 2B 00 00 00 00 00 00 00 00 00 00 FF FF 00 00 00 00 00 00 00 00 00 00 00 00 00 08 01 00 00 00 00 08 B9 07 F4 00 BF 
 00 2B 00 00 00 00 00 00 00 00 00 00 FF FF 00 00 00 00 00 00 00 00 00 00 00 00 00 08 45 00 00 00 00 08 31 07 B2 00 39 
 00 2B 00 00 00 00 00 00 00 00 00 00 FF FF 00 00 00 00 00 00 00 00 00 00 00 00 00 08 5B 00 00 00 00 08 45 07 A8 00 59 
 00 21 00 00 00 00 00 00 00 00 00 00 FF FF 00 00 00 00 00 00 00 00 00 00 00 00 00 08 62 00 00 00 00 08 32 07 AB 00 46 
 00 21 00 00 00 00 00 00 00 00 00 00 FF FF 00 00 00 00 00 00 00 00 00 00 00 00 00 07 FB 00 00 00 00 08 C1 07 E6 00 A8 
 00 15 00 00 00 00 00 00 00 00 00 00 FF FF 00 00 00 00 00 00 00 00 00 00 00 00 00 07 C5 00 00 00 00 08 9B 07 D1 00 2B 
 00 15 00 00 00 00 00 00 00 00 00 00 FF FF 00 00 00 00 00 00 00 00 00 00 00 00 00 07 FF 00 00 00 00 08 97 07 DA 00 6A 
 00 15 00 00 00 00 00 00 00 00 00 00 FF FF 00 00 00 00 00 00 00 00 00 00 00 00 00 08 00 00 00 00 00 08 8F 07 D8 00 62 
 00 1B 00 00 00 00 00 00 00 00 00 00 FF FF 00 00 00 00 00 00 00 00 00 00 00 00 00 08 05 00 00 00 00 08 90 07 DE 00 74 
 00 1B 00 00 00 00 00 00 00 00 00 00 FF FF 00 00 00 00 00 00 00 00 00 00 00 00 00 07 FB 00 00 00 00 08 99 07 E0 00 74 
 00 1B 00 00 00 00 00 00 00 00 00 00 FF FF 00 00 00 00 00 00 00 00 00 00 00 00 00 08 5E 00 00 00 00 08 27 07 A9 00 2F 
 00 1D 00 00 00 00 00 00 00 00 00 00 FF FF 00 00 00 00 00 00 00 00 00 00 00 00 00 08 43 00 00 00 00 08 2B 07 AA 00 1B 
 00 1D 00 00 00 00 00 00 00 00 00 00 FF FF 00 00 00 00 00 00 00 00 00 00 00 00 00 07 E4 00 00 00 00 08 AC 07 DA 00 6C 
 00 1B 00 00 00 00 00 00 00 00 00 00 FF FF 00 00 00 00 00 00 00 00 00 00 00 00 00 07 F5 00 00 00 00 08 9D 07 DC 00 6E 
 00 1B 00 00 00 00 00 00 00 00 00 00 FF FF 00 00 00 00 00 00 00 00 00 00 00 00 00 08 5C 00 00 00 00 08 1F 07 A5 00 21 
 00 1E 00 00 00 00 00 00 00 00 00 00 FF FF 00 00 00 00 00 00 00 00 00 00 00 00 00 07 FE 00 00 00 00 08 A5 07 E7 00 8D 
 00 1E 00 00 00 00 00 00 00 00 00 00 FF FF 00 00 00 00 00 00 00 00 00 00 00 00 00 08 02 00 00 00 00 08 B7 07 EE 00 AB 
 00 1E 00 00 00 00 00 00 00 00 00 00 FF FF 00 00 00 00 00 00 00 00 00 00 00 00 00 08 01 00 00 00 00 08 B3 07 EF 00 A7 
 00 24 00 00 00 00 00 00 00 00 00 00 FF FF 00 00 00 00 00 00 00 00 00 00 00 00 00 07 BA 00 00 00 00 08 45 07 B4 00 BC 
 00 24 00 00 00 00 00 00 00 00 00 00 FF FF 00 00 00 00 00 00 00 00 00 00 00 00 00 07 CC 00 00 00 00 08 C0 07 E0 00 75 
 00 2A 00 00 00 00 00 00 00 00 00 00 FF FF 00 00 00 00 00 00 00 00 00 00 00 00 00 08 02 00 00 00 00 08 A6 07 DE 00 96 
 00 2A 00 00 00 00 00 00 00 00 00 00 FF FF 00 00 00 00 00 00 00 00 00 00 00 00 00 08 01 00 00 00 00 08 9D 07 E5 00 93 
 00 2A 00 00 00 00 00 00 00 00 00 00 FF FF 00 00 00 00 00 00 00 00 00 00 00 00 00 08 43 00 00 00 00 08 2B 07 AC 00 2A 
 00 2C 00 00 00 00 00 00 00 00 00 00 FF FF 00 00 00 00 00 00 00 00 00 00 00 00 00 08 60 00 00 00 00 08 3F 07 AB 00 5C 
 00 2C 00 00 00 00 00 00 00 00 00 00 FF FF 00 00 00 00 00 00 00 00 00 00 00 00 00 07 FE 00 00 00 00 08 B9 07 DF 00 A7 
 00 35 00 00 00 00 00 00 00 00 00 00 FF FF 00 00 00 00 00 00 00 00 00 00 00 00 00 07 EA 00 00 00 00 08 9D 07 DD 00 7E 
 00 35 00 00 00 00 00 00 00 00 00 00 FF FF 00 00 00 00 00 00 00 00 00 00 00 00 00 08 5D 00 00 00 00 08 24 07 A5 00 41 
 00 35 00 00 00 00 00 00 00 00 00 00 FF FF 00 00 00 00 00 00 00 00 00 00 00 00 00 08 00 00 00 00 00 08 93 07 D8 00 86 
 00 37 00 00 00 00 00 00 00 00 00 00 FF FF 00 00 00 00 00 00 00 00 00 00 00 00 00 07 C3 00 00 00 00 08 91 07 D6 00 46 
 00 37 00 00 00 00 00 00 00 00 00 00 FF FF 00 00 00 00 00 00 00 00 00 00 00 00 00 07 B0 00 00 00 00 08 1B 07 A2 00 89 
 00 3D 00 00 00 00 00 00 00 00 00 00 FF FF 00 00 00 00 00 00 00 00 00 00 00 00 00 07 BA 00 00 00 00 08 95 07 D8 00 49 
 00 3D 00 00 00 00 00 00 00 00 00 00 FF FF 00 00 00 00 00 00 00 00 00 00 00 00 00 07 B5 00 00 00 00 08 26 07 A6 00 A3 
 00 3D 00 00 00 00 00 00 00 00 00 00 FF FF 00 00 00 00 00 00 00 00 00 00 00 00 00 07 B4 00 00 00 00 08 25 07 A4 00 9F 
 00 3E 00 00 00 00 00 00 00 00 00 00 FF FF 00 00 00 00 00 00 00 00 00 00 00 00 00 08 56 00 00 00 00 08 1F 07 9E 00 37 
 00 3E 00 00 00 00 00 00 00 00 00 00 FF FF 00 00 00 00 00 00 00 00 00 00 00 00 00 07 BE 00 00 00 00 08 1F 07 A9 00 A9 
 00 3F 00 00 00 00 00 00 00 00 00 00 FF FF 00 00 00 00 00 00 00 00 00 00 00 00 00 07 BB 00 00 00 00 08 1F 07 A7 00 A5 
 00 3F 00 00 00 00 00 00 00 00 00 00 FF FF 00 00 00 00 00 00 00 00 00 00 00 00 00 07 C2 00 00 00 00 08 9D 07 DB 00 5E 
 00 3F 00 00 00 00 00 00 00 00 00 00 FF FF 00 00 00 00 00 00 00 00 00 00 00 00 00 07 B5 00 00 00 00 08 21 07 A4 00 9E 
 00 35 00 00 00 00 00 00 00 00 00 00 FF FF 00 00 00 00 00 00 00 00 00 00 00 00 00 07 B9 00 00 00 00 08 25 07 A4 00 9C 
 00 35 00 00 00 00 00 00 00 00 00 00 FF FF 00 00 00 00 00 00 00 00 00 00 00 00 00 07 C0 00 00 00 00 08 9D 07 DD 00 54 
 00 35 00 00 00 00 00 00 00 00 00 00 FF FF 00 00 00 00 00 00 00 00 00 00 00 00 00 07 B5 00 00 00 00 08 21 07 A5 00 95 
 00 2C 00 00 00 00 00 00 00 00 00 00 FF FF 00 00 00 00 00 00 00 00 00 00 00 00 00 07 B6 00 00 00 00 08 26 07 A5 00 92 
 00 2C 00 00 00 00 00 00 00 00 00 00 FF FF 00 00 00 00 00 00 00 00 00 00 00 00 00 07 C2 00 00 00 00 08 9D 07 DE 00 4E 
 00 1C 00 00 00 00 00 00 00 00 00 00 FF FF 00 00 00 00 00 00 00 00 00 00 00 00 00 07 B9 00 00 00 00 08 27 07 A8 00 89 
 00 1C 00 00 00 00 00 00 00 00 00 00 FF FF 00 00 00 00 00 00 00 00 00 00 00 00 00 07 BD 00 00 00 00 08 9D 07 DC 00 37 
 00 12 00 00 00 00 00 00 00 00 00 00 FF FF 00 00 00 00 00 00 00 00 00 00 00 00 00 07 C0 00 00 00 00 08 9D 07 DC 00 30 
 00 12 00 00 00 00 00 00 00 00 00 00 FF FF 00 00 00 00 00 00 00 00 00 00 00 00 00 07 BB 00 00 00 00 08 29 07 A9 00 84 
 00 12 00 00 00 00 00 00 00 00 00 00 FF FF 00 00 00 00 00 00 00 00 00 00 00 00 00 07 B5 00 00 00 00 08 25 07 A7 00 78 
 00 18 00 00 00 00 00 00 00 00 00 00 FF FF 00 00 00 00 00 00 00 00 00 00 00 00 00 08 57 00 00 00 00 08 23 07 9F 00 17 
 00 18 00 00 00 00 00 00 00 00 00 00 FF FF 00 00 00 00 00 00 00 00 00 00 00 00 00 07 B8 00 00 00 00 08 23 07 A5 00 7D 
 00 1A 00 00 00 00 00 00 00 00 00 00 FF FF 00 00 00 00 00 00 00 00 00 00 00 00 00 07 BE 00 00 00 00 08 9C 07 DB 00 34 
 00 1A 00 00 00 00 00 00 00 00 00 00 FF FF 00 00 00 00 00 00 00 00 00 00 00 00 00 07 BA 00 00 00 00 08 24 07 A5 00 82 
 00 1A 00 00 00 00 00 00 00 00 00 00 FF FF 00 00 00 00 00 00 00 00 00 00 00 00 00 07 B9 00 00 00 00 08 9D 07 DC 00 31 
 00 1D 00 00 00 00 00 00 00 00 00 00 FF FF 00 00 00 00 00 00 00 00 00 00 00 00 00 08 5E 00 00 00 00 08 24 07 9D 00 22 
 00 1D 00 00 00 00 00 00 00 00 00 00 FF FF 00 00 00 00 00 00 00 00 00 00 00 00 00 07 B8 00 00 00 00 08 2B 07 B3 00 98 
 00 27 00 00 00 00 00 00 00 00 00 00 FF FF 00 00 00 00 00 00 00 00 00 00 00 00 00 07 BB 00 00 00 00 08 8F 07 D1 00 27 
 00 27 00 00 00 00 00 00 00 00 00 00 FF FF 00 00 00 00 00 00 00 00 00 00 00 00 00 07 BD 00 00 00 00 08 21 07 A8 00 92 
 00 27 00 00 00 00 00 00 00 00 00 00 FF FF 00 00 00 00 00 00 00 00 00 00 00 00 00 07 F6 00 00 00 00 08 8C 07 D1 00 5F 
 00 2C 00 00 00 00 00 00 00 00 00 00 FF FF 00 00 00 00 00 00 00 00 00 00 00 00 00 08 66 00 00 00 00 08 1C 07 A1 00 35 
 00 2C 00 00 00 00 00 00 00 00 00 00 FF FF 00 00 00 00 00 00 00 00 00 00 00 00 00 07 BE 00 00 00 00 08 31 07 B2 00 B2 
 00 38 00 00 00 00 00 00 00 00 00 00 FF FF 00 00 00 00 00 00 00 00 00 00 00 00 00 07 C1 00 00 00 00 08 2E 07 B4 00 C0 
 00 38 00 00 00 00 00 00 00 00 00 00 FF FF 00 00 00 00 00 00 00 00 00 00 00 00 00 07 BB 00 00 00 00 08 A6 07 DD 00 5B 
 00 38 00 00 00 00 00 00 00 00 00 00 FF FF 00 00 00 00 00 00 00 00 00 00 00 00 00 07 B3 00 00 00 00 08 2A 07 A8 00 A2 
 00 3B 00 00 00 00 00 00 00 00 00 00 FF FF 00 00 00 00 00 00 00 00 00 00 00 00 00 07 B8 00 00 00 00 08 27 07 A7 00 A6 
 00 3B 00 00 00 00 00 00 00 00 00 00 FF FF 00 00 00 00 00 00 00 00 00 00 00 00 00 07 B7 00 00 00 00 08 9B 07 D9 00 4B 
 00 3D 00 00 00 00 00 00 00 00 00 00 FF FF 00 00 00 00 00 00 00 00 00 00 00 00 00 07 AF 00 00 00 00 08 29 07 A6 00 A0 
 00 3D 00 00 00 00 00 00 00 00 00 00 FF FF 00 00 00 00 00 00 00 00 00 00 00 00 00 07 FC 00 00 00 00 08 9A 07 D9 00 91 
 00 3D 00 00 00 00 00 00 00 00 00 00 FF FF 00 00 00 00 00 00 00 00 00 00 00 00 00 07 BC 00 00 00 00 08 90 07 D4 00 42 
 00 41 00 00 00 00 00 00 00 00 00 00 FF FF 00 00 00 00 00 00 00 00 00 00 00 00 00 07 B8 00 00 00 00 08 92 07 D3 00 43 
 00 41 00 00 00 00 00 00 00 00 00 00 FF FF 00 00 00 00 00 00 00 00 00 00 00 00 00 08 62 00 00 00 00 08 25 07 A5 00 53 
 00 41 00 00 00 00 00 00 00 00 00 00 FF FF 00 00 00 00 00 00 00 00 00 00 00 00 00 08 5E 00 00 00 00 08 1F 07 A3 00 47 
 00 41 00 00 00 00 00 00 00 00 00 00 FF FF 00 00 00 00 00 00 00 00 00 00 00 00 00 08 04 00 00 00 00 08 AB 07 E3 00 B9 
 00 41 00 00 00 00 00 00 00 00 00 00 FF FF 00 00 00 00 00 00 00 00 00 00 00 00 00 08 62 00 00 00 00 08 34 07 B0 00 6D 
 00 38 00 00 00 00 00 00 00 00 00 00 FF FF 00 00 00 00 00 00 00 00 00 00 00 00 00 07 C0 00 00 00 00 08 C0 07 E4 00 81 
 00 38 00 00 00 00 00 00 00 00 00 00 FF FF 00 00 00 00 00 00 00 00 00 00 00 00 00 07 DE 00 00 00 00 08 2A 07 B0 00 D5 
 00 33 00 00 00 00 00 00 00 00 00 00 FF FF 00 00 00 00 00 00 00 00 00 00 00 00 00 07 F0 00 00 00 00 08 A2 07 DA 00 84 
 00 33 00 00 00 00 00 00 00 00 00 00 FF FF 00 00 00 00 00 00 00 00 00 00 00 00 00 07 F4 00 00 00 00 08 93 07 D4 00 73 
 00 33 00 00 00 00 00 00 00 00 00 00 FF FF 00 00 00 00 00 00 00 00 00 00 00 00 00 07 FF 00 00 00 00 08 9B 07 E1 00 93 
 00 25 00 00 00 00 00 00 00 00 00 00 FF FF 00 00 00 00 00 00 00 00 00 00 00 00 00 07 FE 00 00 00 00 08 AB 07 E4 00 97 
 00 25 00 00 00 00 00 00 00 00 00 00 FF FF 00 00 00 00 00 00 00 00 00 00 00 00 00 07 E8 00 00 00 00 08 BF 07 E4 00 95 
 00 21 00 00 00 00 00 00 00 00 00 00 FF FF 00 00 00 00 00 00 00 00 00 00 00 00 00 07 F0 00 00 00 00 08 A5 07 D2 00 6D 
 00 21 00 00 00 00 00 00 00 00 00 00 FF FF 00 00 00 00 00 00 00 00 00 00 00 00 00 08 55 00 00 00 00 08 30 07 A7 00 33 
 00 21 00 00 00 00 00 00 00 00 00 00 FF FF 00 00 00 00 00 00 00 00 00 00 00 00 00 08 5A 00 00 00 00 08 13 07 9E 00 12 
 00 18 00 00 00 00 00 00 00 00 00 00 FF FF 00 00 00 00 00 00 00 00 00 00 00 00 00 07 FC 00 00 00 00 08 AB 07 E6 00 8A 
 00 18 00 00 00 00 00 00 00 00 00 00 FF FF 00 00 00 00 00 00 00 00 00 00 00 00 00 07 E2 00 00 00 00 08 B9 07 E0 00 78 
 00 18 00 00 00 00 00 00 00 00 00 00 FF FF 00 00 00 00 00 00 00 00 00 00 00 00 00 08 4D 00 00 00 00 08 1F 07 A1 00 0B 
 00 19 00 00 00 00 00 00 00 00 00 00 FF FF 00 00 00 00 00 00 00 00 00 00 00 00 00 07 F9 00 00 00 00 08 AB 07 E4 00 86 
 00 19 00 00 00 00 00 00 00 00 00 00 FF FF 00 00 00 00 00 00 00 00 00 00 00 00 00 07 EA 00 00 00 00 08 BD 07 E3 00 88 
 00 18 00 00 00 00 00 00 00 00 00 00 FF FF 00 00 00 00 00 00 00 00 00 00 00 00 00 08 53 00 00 00 00 08 25 07 A9 00 1F 
 00 18 00 00 00 00 00 00 00 00 00 00 FF FF 00 00 00 00 00 00 00 00 00 00 00 00 00 07 F2 00 00 00 00 08 8E 07 D3 00 50 
 00 1B 00 00 00 00 00 00 00 00 00 00 FF FF 00 00 00 00 00 00 00 00 00 00 00 00 00 08 51 00 00 00 00 08 1D 07 A3 00 12 
 00 1B 00 00 00 00 00 00 00 00 00 00 FF FF 00 00 00 00 00 00 00 00 00 00 00 00 00 08 55 00 00 00 00 08 34 07 A9 00 33 
 00 1B 00 00 00 00 00 00 00 00 00 00 FF FF 00 00 00 00 00 00 00 00 00 00 00 00 00 07 E6 00 00 00 00 08 BA 07 E1 00 81 
 00 18 00 00 00 00 00 00 00 00 00 00 FF FF 00 00 00 00 00 00 00 00 00 00 00 00 00 07 ED 00 00 00 00 08 B2 07 DA 00 76 
 00 18 00 00 00 00 00 00 00 00 00 00 FF FF 00 00 00 00 00 00 00 00 00 00 00 00 00 08 56 00 00 00 00 08 31 07 A5 00 2A 
 00 22 00 00 00 00 00 00 00 00 00 00 FF FF 00 00 00 00 00 00 00 00 00 00 00 00 00 07 F3 00 00 00 00 08 B5 07 DE 00 8D 
 00 22 00 00 00 00 00 00 00 00 00 00 FF FF 00 00 00 00 00 00 00 00 00 00 00 00 00 07 DF 00 00 00 00 08 97 07 D8 00 55 
 00 22 00 00 00 00 00 00 00 00 00 00 FF FF 00 00 00 00 00 00 00 00 00 00 00 00 00 08 55 00 00 00 00 08 2A 07 A9 00 30 
 00 28 00 00 00 00 00 00 00 00 00 00 FF FF 00 00 00 00 00 00 00 00 00 00 00 00 00 08 5E 00 00 00 00 08 25 07 A5 00 36 
 00 28 00 00 00 00 00 00 00 00 00 00 FF FF 00 00 00 00 00 00 00 00 00 00 00 00 00 08 45 00 00 00 00 08 34 07 B5 00 3C 
 00 30 00 00 00 00 00 00 00 00 00 00 FF FF 00 00 00 00 00 00 00 00 00 00 00 00 00 07 FE 00 00 00 00 08 C2 07 DC 00 B1 
 00 30 00 00 00 00 00 00 00 00 00 00 FF FF 00 00 00 00 00 00 00 00 00 00 00 00 00 07 F3 00 00 00 00 08 AD 07 E1 00 96 
 00 30 00 00 00 00 00 00 00 00 00 00 FF FF 00 00 00 00 00 00 00 00 00 00 00 00 00 08 59 00 00 00 00 08 3B 07 AC 00 56 
 00 35 00 00 00 00 00 00 00 00 00 00 FF FF 00 00 00 00 00 00 00 00 00 00 00 00 00 08 4B 00 00 00 00 08 47 07 B1 00 5E 
 00 35 00 00 00 00 00 00 00 00 00 00 FF FF 00 00 00 00 00 00 00 00 00 00 00 00 00 07 DA 00 00 00 00 08 9B 07 DB 00 6A 
 00 3A 00 00 00 00 00 00 00 00 00 00 FF FF 00 00 00 00 00 00 00 00 00 00 00 00 00 07 F0 00 00 00 00 08 93 07 D5 00 77 
 00 3A 00 00 00 00 00 00 00 00 00 00 FF FF 00 00 00 00 00 00 00 00 00 00 00 00 00 08 5B 00 00 00 00 08 26 07 A5 00 46 
 00 3A 00 00 00 00 00 00 00 00 00 00 FF FF 00 00 00 00 00 00 00 00 00 00 00 00 00 07 F9 00 00 00 00 08 9D 07 D3 00 88 
 00 3D 00 00 00 00 00 00 00 00 00 00 FF FF 00 00 00 00 00 00 00 00 00 00 00 00 00 07 E8 00 00 00 00 08 BB 07 E1 00 A6 
 00 3D 00 00 00 00 00 00 00 00 00 00 FF FF 00 00 00 00 00 00 00 00 00 00 00 00 00 08 3A 00 00 00 00 08 3B 07 B5 00 4D 
 00 3D 00 00 00 00 00 00 00 00 00 00 FF FF 00 00 00 00 00 00 00 00 00 00 00 00 00 08 5A 00 00 00 00 08 2D 07 AB 00 55 
 00 39 00 00 00 00 00 00 00 00 00 00 FF FF 00 00 00 00 00 00 00 00 00 00 00 00 00 08 61 00 00 00 00 08 26 07 A6 00 4C 
 00 39 00 00 00 00 00 00 00 00 00 00 FF FF 00 00 00 00 00 00 00 00 00 00 00 00 00 08 5E 00 00 00 00 08 27 07 A1 00 45 
 00 33 00 00 00 00 00 00 00 00 00 00 FF FF 00 00 00 00 00 00 00 00 00 00 00 00 00 08 63 00 00 00 00 08 4B 07 B0 00 77 
 00 33 00 00 00 00 00 00 00 00 00 00 FF FF 00 00 00 00 00 00 00 00 00 00 00 00 00 08 54 00 00 00 00 08 1E 07 9C 00 27 
 00 33 00 00 00 00 00 00 00 00 00 00 FF FF 00 00 00 00 00 00 00 00 00 00 00 00 00 08 43 00 00 00 00 08 47 07 AF 00 52 
 00 31 00 00 00 00 00 00 00 00 00 00 FF FF 00 00 00 00 00 00 00 00 00 00 00 00 00 08 56 00 00 00 00 08 26 07 AA 00 3D 
 00 31 00 00 00 00 00 00 00 00 00 00 FF FF 00 00 00 00 00 00 00 00 00 00 00 00 00 07 F3 00 00 00 00 08 94 07 D3 00 70 
 00 2D 00 00 00 00 00 00 00 00 00 00 FF FF 00 00 00 00 00 00 00 00 00 00 00 00 00 08 57 00 00 00 00 08 1F 07 A5 00 2E 
 00 2D 00 00 00 00 00 00 00 00 00 00 FF FF 00 00 00 00 00 00 00 00 00 00 00 00 00 07 E3 00 00 00 00 08 BD 07 E1 00 93 
 00 29 00 00 00 00 00 00 00 00 00 00 FF FF 00 00 00 00 00 00 00 00 00 00 00 00 00 08 7E 00 00 00 00 08 94 07 D5 00 F6 
 00 29 00 00 00 00 00 00 00 00 00 00 FF FF 00 00 00 00 00 00 00 00 00 00 00 00 00 08 5D 00 00 00 00 08 29 07 A6 00 3B 
 00 29 00 00 00 00 00 00 00 00 00 00 FF FF 00 00 00 00 00 00 00 00 00 00 00 00 00 07 E3 00 00 00 00 08 9E 07 DD 00 6C 
 00 28 00 00 00 00 00 00 00 00 00 00 FF FF 00 00 00 00 00 00 00 00 00 00 00 00 00 08 2E 00 00 00 00 08 30 07 A9 00 15 
 00 28 00 00 00 00 00 00 00 00 00 00 FF FF 00 00 00 00 00 00 00 00 00 00 00 00 00 08 57 00 00 00 00 08 2D 07 A8 00 3A 
 00 2B 00 00 00 00 00 00 00 00 00 00 FF FF 00 00 00 00 00 00 00 00 00 00 00 00 00 08 3E 00 00 00 00 08 2B 07 AC 00 26 
 00 2B 00 00 00 00 00 00 00 00 00 00 FF FF 00 00 00 00 00 00 00 00 00 00 00 00 00 07 F1 00 00 00 00 08 8B 07 D7 00 63 
 00 2B 00 00 00 00 00 00 00 00 00 00 FF FF 00 00 00 00 00 00 00 00 00 00 00 00 00 07 DF 00 00 00 00 08 98 07 D9 00 60 
 00 2A 00 00 00 00 00 00 00 00 00 00 FF FF 00 00 00 00 00 00 00 00 00 00 00 00 00 07 DD 00 00 00 00 08 A3 07 CF 00 5E 
 00 2A 00 00 00 00 00 00 00 00 00 00 FF FF 00 00 00 00 00 00 00 00 00 00 00 00 00 08 53 00 00 00 00 08 3A 07 AF 00 4C 
 00 2A 00 00 00 00 00 00 00 00 00 00 FF FF 00 00 00 00 00 00 00 00 00 00 00 00 00 07 F9 00 00 00 00 08 A4 07 E0 00 8C 
 00 2A 00 00 00 00 00 00 00 00 00 00 FF FF 00 00 00 00 00 00 00 00 00 00 00 00 00 07 FB 00 00 00 00 08 B7 07 E9 00 AA 