 02 A4 00 00 FF E9 03 01 02 00 00 00 FF FF 00 00 00 FF E9 00 00 00 00 00 00 00 00 00 00 00 00 00 00 00 53 00 62 00 00 
 02 A4 00 00 FF E9 03 01 02 00 00 00 FF FF 00 00 00 FF E9 00 00 00 00 00 00 00 00 00 00 00 00 00 00 00 55 00 5A 00 FA 
 02 A4 00 00 FF E9 03 01 02 00 00 00 FF FF 00 00 00 FF E9 00 00 00 00 00 00 00 00 00 00 00 00 00 00 00 54 00 5B 00 FA 
 02 A4 00 00 FF E9 03 01 02 00 00 00 FF FF 00 00 00 FF E9 00 00 00 00 00 00 00 00 00 00 00 00 00 00 00 56 00 61 00 02 
 02 A4 00 00 FF E9 03 01 02 00 00 00 FF FF 00 00 00 FF E9 00 00 00 00 00 00 00 00 00 02 00 00 00 00 00 4F 00 5B 00 F7 
 02 A4 00 00 FF E9 03 01 02 00 00 00 FF FF 00 00 00 FF E9 00 00 00 00 00 00 00 00 00 01 00 00 00 00 00 56 00 5E 00 00 
 02 A4 00 00 FF E9 03 01 02 00 00 00 FF FF 00 00 00 FF E9 00 00 00 00 00 00 00 00 00 00 00 00 00 00 00 55 00 5E 00 FE 
 02 A4 00 00 FF E9 03 01 02 00 00 00 FF FF 00 00 00 FF E9 00 00 00 00 00 00 00 00 00 00 00 00 00 00 00 57 00 5F 00 01 
 02 A4 00 00 FF E9 03 01 02 00 00 00 FF FF 00 00 00 FF E9 00 00 00 00 00 00 00 00 00 00 00 00 00 00 00 58 00 61 00 04 
 02 A4 00 00 FF E9 03 01 02 00 00 00 FF FF 00 00 00 FF E9 00 00 00 00 00 00 00 00 00 00 00 00 00 00 00 57 00 5E 00 00 
 02 A4 00 00 FF E9 03 01 02 00 00 00 FF FF 00 00 00 FF E9 00 00 00 00 00 00 00 00 00 00 00 00 00 00 00 55 00 61 00 01 
 02 A4 00 00 FF E9 03 01 02 00 00 00 FF FF 00 00 00 FF E9 00 00 00 00 00 00 00 00 00 01 00 00 00 00 00 5A 00 63 00 09 
 02 A4 00 00 FF E9 03 01 02 00 00 00 FF FF 00 00 00 FF E9 00 00 00 00 00 00 00 00 00 00 00 00 00 00 00 58 00 5F 00 02 
 02 A4 00 00 FF E9 03 01 02 00 00 00 FF FF 00 00 00 FF E9 00 00 00 00 00 00 00 00 00 01 00 00 00 00 00 55 00 5E 00 FF 
 02 A4 00 00 FF E9 03 01 02 00 00 00 FF FF 00 00 00 FF E9 00 00 00 00 00 00 00 00 00 00 00 00 00 00 00 55 00 61 00 01 
 02 A4 00 00 FF E9 03 01 02 00 00 00 FF FF 00 00 00 FF E9 00 00 00 00 00 00 00 00 00 01 00 00 00 00 00 58 00 61 00 05 
 02 A4 00 00 FF E9 03 01 02 00 00 00 FF FF 00 00 00 FF E9 00 00 00 00 00 00 00 00 00 00 00 00 00 00 00 51 00 60 00 FC 
 02 A4 00 00 FF E9 03 01 02 00 00 00 FF FF 00 00 00 FF E9 00 00 00 00 00 00 00 00 00 00 00 00 00 00 00 57 00 5F 00 01 
 02 A4 00 00 FF E9 03 01 02 00 00 00 FF FF 00 00 00 FF E9 00 00 00 00 00 00 00 00 00 02 00 00 00 00 00 57 00 5F 00 03 
 02 A4 00 00 FF E9 03 01 02 00 00 00 FF FF 00 00 00 FF E9 00 00 00 00 00 00 00 00 00 02 00 00 00 00 00 56 00 5E 00 01 
 02 A4 00 00 FF E9 03 01 02 00 00 00 FF FF 00 00 00 FF E9 00 00 00 00 00 00 00 00 00 00 00 00 00 00 00 55 00 5F 00 FF 
 02 A4 00 00 FF E9 03 01 02 00 00 00 FF FF 00 00 00 FF E9 00 00 00 00 00 00 00 00 00 00 00 00 00 00 00 55 00 5D 00 FD 
 02 A4 00 00 FF E9 03 01 02 00 00 00 FF FF 00 00 00 FF E9 00 00 00 00 00 00 00 00 00 01 00 00 00 00 00 56 00 5F 00 01 
 02 A4 00 00 FF E9 03 01 02 00 00 00 FF FF 00 00 00 FF E9 00 00 00 00 00 00 00 00 00 00 00 00 00 00 00 55 00 5F 00 FF 
 02 A4 00 00 FF E9 03 01 02 00 00 00 FF FF 00 00 00 FF E9 00 00 00 00 00 00 00 00 00 00 00 00 00 00 00 56 00 61 00 02 
 02 A4 00 00 FF E9 03 01 02 00 00 00 FF FF 00 00 00 FF E9 00 00 00 00 00 00 00 00 00 00 00 00 00 00 00 56 00 5E 00 FF 
 02 A4 00 00 FF E9 03 01 02 00 00 00 FF FF 00 00 00 FF E9 00 00 00 00 00 00 00 00 00 00 00 00 00 00 00 55 00 5D 00 FD 
 02 A4 00 00 FF E9 03 01 02 00 00 00 FF FF 00 00 00 FF E9 00 00 00 00 00 00 00 00 00 01 00 00 00 00 00 55 00 5C 00 FD 
 02 A4 00 00 FF E9 03 01 02 00 00 00 FF FF 00 00 00 FF E9 00 00 00 00 00 00 00 00 00 00 00 00 00 00 00 59 00 62 00 06 
 02 A4 00 00 FF E9 03 01 02 00 00 00 FF FF 00 00 00 FF E9 00 00 00 00 00 00 00 00 00 00 00 00 00 00 00 56 00 5D 00 FE 
 02 A4 00 00 FF E9 03 01 02 00 00 00 FF FF 00 00 00 FF E9 00 00 00 00 00 00 00 00 00 00 00 00 00 00 00 56 00 5E 00 FF 
 02 A4 00 00 FF E9 03 01 02 00 00 00 FF FF 00 00 00 FF E9 00 00 00 00 00 00 00 00 00 02 00 00 00 00 00 56 00 5E 00 01 
 02 A4 00 00 FF E9 03 01 02 00 00 00 FF FF 00 00 00 FF E9 00 00 00 00 00 00 00 00 00 02 00 00 00 00 00 58 00 5F 00 04 
 02 A4 00 00 FF E9 03 01 02 00 00 00 FF FF 00 00 00 FF E9 00 00 00 00 00 00 00 00 00 00 00 00 00 00 00 55 00 60 00 00 
 02 A4 00 00 FF E9 03 01 02 00 00 00 FF FF 00 00 00 FF E9 00 00 00 00 00 00 00 00 00 00 00 00 00 00 00 54 00 62 00 01 
 02 A4 00 00 FF E9 03 01 02 00 00 00 FF FF 00 00 00 FF E9 00 00 00 00 00 00 00 00 00 00 00 00 00 00 00 57 00 5F 00 01 
 02 A4 00 00 FF E9 03 01 02 00 00 00 FF FF 00 00 00 FF E9 00 00 00 00 00 00 00 00 00 01 00 00 00 00 00 55 00 5E 00 FF 
 02 A4 00 00 FF E9 03 01 02 00 00 00 FF FF 00 00 00 FF E9 00 00 00 00 00 00 00 00 00 00 00 00 00 00 00 55 00 5F 00 FF 
 02 A4 00 00 FF E9 03 01 02 00 00 00 FF FF 00 00 00 FF E9 00 00 00 00 00 00 00 00 00 01 00 00 00 00 00 56 00 5F 00 01 
 02 A4 00 00 FF E9 03 01 02 00 00 00 FF FF 00 00 00 FF E9 00 00 00 00 00 00 00 00 00 00 00 00 00 00 00 58 00 5E 00 01 
 02 A4 00 00 FF E9 03 01 02 00 00 00 FF FF 00 00 00 FF E9 00 00 00 00 00 00 00 00 00 00 00 00 00 00 00 56 00 5D 00 FE 
 02 A4 00 00 FF E9 03 01 02 00 00 00 FF FF 00 00 00 FF E9 00 00 00 00 00 00 00 00 00 00 00 00 00 00 00 55 00 5E 00 FE 
 02 A4 00 00 FF E9 03 01 02 00 00 00 FF FF 00 00 00 FF E9 00 00 00 00 00 00 00 00 00 00 00 00 00 00 00 55 00 5B 00 FB 
 02 A4 00 00 FF E9 03 01 02 00 00 00 FF FF 00 00 00 FF E9 00 00 00 00 00 00 00 00 00 00 00 00 00 00 00 55 00 61 00 01 
 02 A4 00 00 FF E9 03 01 02 00 00 00 FF FF 00 00 00 FF E9 00 00 00 00 00 00 00 00 00 00 00 00 00 00 00 57 00 5B 00 FD 
 02 A4 00 00 FF E9 03 01 02 00 00 00 FF FF 00 00 00 FF E9 00 00 00 00 00 00 00 00 00 00 00 00 00 00 00 58 00 60 00 03 
 02 A4 00 00 FF E9 03 01 02 00 00 00 FF FF 00 00 00 FF E9 00 00 00 00 00 00 00 00 00 00 00 00 00 00 00 56 00 66 00 07 
 02 A4 00 00 FF E9 03 01 02 00 00 00 FF FF 00 00 00 FF E9 00 00 00 00 00 00 00 00 00 00 00 00 00 00 00 53 00 5F 00 FD 
 02 A4 00 00 FF E9 03 01 02 00 00 00 FF FF 00 00 00 FF E9 00 00 00 00 00 00 00 00 00 00 00 00 00 00 00 55 00 5E 00 FE 
 02 A4 00 00 FF E9 03 01 02 00 00 00 FF FF 00 00 00 FF E9 00 00 00 00 00 00 00 00 00 00 00 00 00 00 00 54 00 5F 00 FE 
 02 A4 00 00 FF E9 03 01 02 00 00 00 FF FF 00 00 00 FF E9 00 00 00 00 00 00 00 00 00 00 00 00 00 00 00 58 00 5F 00 02 
 02 A4 00 00 FF E9 03 01 02 00 00 00 FF FF 00 00 00 FF E9 00 00 00 00 00 00 00 00 00 00 00 00 00 00 00 56 00 5E 00 FF 
 02 A4 00 00 FF E9 03 01 02 00 00 00 FF FF 00 00 00 FF E9 00 00 00 00 00 00 00 00 00 00 00 00 00 00 00 52 00 60 00 FD 
 02 A4 00 00 FF E9 03 01 02 00 00 00 FF FF 00 00 00 FF E9 00 00 00 00 00 00 00 00 00 01 00 00 00 00 00 56 00 5F 00 01 
 02 A4 00 00 FF E9 03 01 02 00 00 00 FF FF 00 00 00 FF E9 00 00 00 00 00 00 00 00 00 00 00 00 00 00 00 56 00 61 00 02 
 02 A4 00 00 FF E9 03 01 02 00 00 00 FF FF 00 00 00 FF E9 00 00 00 00 00 00 00 00 00 00 00 00 00 00 00 56 00 5E 00 FF 
 02 A4 00 00 FF E9 03 01 02 00 00 00 FF FF 00 00 00 FF E9 00 00 00 00 00 00 00 00 00 00 00 00 00 00 00 55 00 5F 00 FF 
 02 A4 00 00 FF E9 03 01 02 00 00 00 FF FF 00 00 00 FF E9 00 00 00 00 00 00 00 00 00 00 00 00 00 00 00 57 00 5F 00 01 
 02 A4 00 00 FF E9 03 01 02 00 00 00 FF FF 00 00 00 FF E9 00 00 00 00 00 00 00 00 00 00 00 00 00 00 00 57 00 61 00 03 
 02 A4 00 00 FF E9 03 01 02 00 00 00 FF FF 00 00 00 FF E9 00 00 00 00 00 00 00 00 00 00 00 00 00 00 00 56 00 60 00 01 
 02 A4 00 00 FF E9 03 01 02 00 00 00 FF FF 00 00 00 FF E9 00 00 00 00 00 00 00 00 00 00 00 00 00 00 00 57 00 5F 00 01 
 02 A4 00 00 FF E9 03 01 02 00 00 00 FF FF 00 00 00 FF E9 00 00 00 00 00 00 00 00 00 00 00 00 00 00 00 54 00 5C 00 FB 
 02 A4 00 00 FF E9 03 01 02 00 00 00 FF FF 00 00 00 FF E9 00 00 00 00 00 00 00 00 00 00 00 00 00 00 00 57 00 61 00 03 
 02 A4 00 00 FF E9 03 01 02 00 00 00 FF FF 00 00 00 FF E9 00 00 00 00 00 00 00 00 00 00 00 00 00 00 00 55 00 5F 00 FF 
 02 A4 00 00 FF E9 03 01 02 00 00 00 FF FF 00 00 00 FF E9 00 00 00 00 00 00 00 00 00 00 00 00 00 00 00 57 00 5E 00 00 
 02 A4 00 00 FF E9 03 01 02 00 00 00 FF FF 00 00 00 FF E9 00 00 00 00 00 00 00 00 00 00 00 00 00 00 00 57 00 61 00 03 
 02 A4 00 00 FF E9 03 01 02 00 00 00 FF FF 00 00 00 FF E9 00 00 00 00 00 00 00 00 00 00 00 00 00 00 00 55 00 63 00 03 
 02 A4 00 00 FF E9 03 01 02 00 00 00 FF FF 00 00 00 FF E9 00 00 00 00 00 00 00 00 00 00 00 00 00 00 00 56 00 5E 00 FF 
 02 A4 00 00 FF E9 03 01 02 00 00 00 FF FF 00 00 00 FF E9 00 00 00 00 00 00 00 00 00 02 00 00 00 00 00 58 00 5E 00 03 
 02 A4 00 00 FF E9 03 01 02 00 00 00 FF FF 00 00 00 FF E9 00 00 00 00 00 00 00 00 00 00 00 00 00 00 00 54 00 60 00 FF 
 02 A4 00 00 FF E9 03 01 02 00 00 00 FF FF 00 00 00 FF E9 00 00 00 00 00 00 00 00 00 00 00 00 00 00 00 59 00 62 00 06 
 02 A4 00 00 FF E9 03 01 02 00 00 00 FF FF 00 00 00 FF E9 00 00 00 00 00 00 00 00 00 00 00 00 00 00 00 57 00 5D 00 FF 
 02 A4 00 00 FF E9 03 01 02 00 00 00 FF FF 00 00 00 FF E9 00 00 00 00 00 00 00 00 00 00 00 00 00 00 00 55 00 5D 00 FD 
 02 A4 00 00 FF E9 03 01 02 00 00 00 FF FF 00 00 00 FF E9 00 00 00 00 00 00 00 00 00 00 00 00 00 00 00 55 00 5C 00 FC 
 02 A4 00 00 FF E9 03 01 02 00 00 00 FF FF 00 00 00 FF E9 00 00 00 00 00 00 00 00 00 01 00 00 00 00 00 59 00 5F 00 04 
 02 A4 00 00 FF E9 03 01 02 00 00 00 FF FF 00 00 00 FF E9 00 00 00 00 00 00 00 00 00 00 00 00 00 00 00 55 00 5F 00 FF 
 02 A4 00 00 FF E9 03 01 02 00 00 00 FF FF 00 00 00 FF E9 00 00 00 00 00 00 00 00 00 00 00 00 00 00 00 57 00 5F 00 01 
 02 A4 00 00 FF E9 03 01 02 00 00 00 FF FF 00 00 00 FF E9 00 00 00 00 00 00 00 00 00 01 00 00 00 00 00 56 00 5F 00 01 
 02 A4 00 00 FF E9 03 01 02 00 00 00 FF FF 00 00 00 FF E9 00 00 00 00 00 00 00 00 00 00 00 00 00 00 00 55 00 61 00 01 
 02 A4 00 00 FF E9 03 01 02 00 00 00 FF FF 00 00 00 FF E9 00 00 00 00 00 00 00 00 00 00 00 00 00 00 00 57 00 5F 00 01 
 02 A4 00 00 FF E9 03 01 02 00 00 00 FF FF 00 00 00 FF E9 00 00 00 00 00 00 00 00 00 00 00 00 00 00 00 56 00 5F 00 00 
 02 A4 00 00 FF E9 03 01 02 00 00 00 FF FF 00 00 00 FF E9 00 00 00 00 00 00 00 00 00 00 00 00 00 00 00 59 00 60 00 04 
 02 A4 00 00 FF E9 03 01 02 00 00 00 FF FF 00 00 00 FF E9 00 00 00 00 00 00 00 00 00 01 00 00 00 00 00 56 00 62 00 04 
 02 A4 00 00 FF E9 03 01 02 00 00 00 FF FF 00 00 00 FF E9 00 00 00 00 00 00 00 00 00 01 00 00 00 00 00 55 00 5D 00 FE 
 02 A4 00 00 FF E9 03 01 02 00 00 00 FF FF 00 00 00 FF E9 00 00 00 00 00 00 00 00 00 00 00 00 00 00 00 58 00 5F 00 02 
 02 A4 00 00 FF E9 03 01 02 00 00 00 FF FF 00 00 00 FF E9 00 00 00 00 00 00 00 00 00 00 00 00 00 00 00 57 00 5F 00 01 
 02 A4 00 00 FF E9 03 01 02 00 00 00 FF FF 00 00 00 FF E9 00 00 00 00 00 00 00 00 00 00 00 00 00 00 00 56 00 5C 00 FD 
 02 A4 00 00 FF E9 03 01 02 00 00 00 FF FF 00 00 00 FF E9 00 00 00 00 00 00 00 00 00 05 00 00 00 00 00 56 00 60 00 06 
 02 A4 00 00 FF E9 03 01 02 00 00 00 FF FF 00 00 00 FF E9 00 00 00 00 00 00 00 00 00 00 00 00 00 00 00 52 00 5B 00 F8 
 02 A4 00 00 FF E9 03 01 02 00 00 00 FF FF 00 00 00 FF E9 00 00 00 00 00 00 00 00 00 00 00 00 00 00 00 58 00 5F 00 02 
 02 A4 00 00 FF E9 03 01 02 00 00 00 FF FF 00 00 00 FF E9 00 00 00 00 00 00 00 00 00 00 00 00 00 00 00 55 00 5D 00 FD 
 02 A4 00 00 FF E9 03 01 02 00 00 00 FF FF 00 00 00 FF E9 00 00 00 00 00 00 00 00 00 00 00 00 00 00 00 55 00 5E 00 FE 
 02 A4 00 00 FF E9 03 01 02 00 00 00 FF FF 00 00 00 FF E9 00 00 00 00 00 00 00 00 00 00 00 00 00 00 00 54 00 5E 00 FD 
 02 A4 00 00 FF E9 03 01 02 00 00 00 FF FF 00 00 00 FF E9 00 00 00 00 00 00 00 00 00 00 00 00 00 00 00 57 00 5C 00 FE 
 02 A4 00 00 FF E9 03 01 02 00 00 00 FF FF 00 00 00 FF E9 00 00 00 00 00 00 00 00 00 00 00 00 00 00 00 58 00 5E 00 01 
 02 A4 00 00 FF E9 03 01 02 00 00 00 FF FF 00 00 00 FF E9 00 00 00 00 00 00 00 00 00 01 00 00 00 00 00 51 00 5C 00 F9 
 02 A4 00 00 FF E9 03 01 02 00 00 00 FF FF 00 00 00 FF E9 00 00 00 00 00 00 00 00 00 00 00 00 00 00 00 5E 00 61 00 0A 
 02 A4 00 00 FF E9 03 01 02 00 00 00 FF FF 00 00 00 FF E9 00 00 00 00 00 00 00 00 00 00 00 00 00 00 00 56 00 60 00 01 
 02 A4 00 00 FF E9 03 01 02 00 00 00 FF FF 00 00 00 FF E9 00 00 00 00 00 00 00 00 00 00 00 00 00 00 00 58 00 5F 00 02 
 02 A4 00 00 FF E9 03 01 02 00 00 00 FF FF 00 00 00 FF E9 00 00 00 00 00 00 00 00 00 00 00 00 00 00 00 55 00 5F 00 FF 
 02 A4 00 00 FF E9 03 01 02 00 00 00 FF FF 00 00 00 FF E9 00 00 00 00 00 00 00 00 00 00 00 00 00 00 00 5A 00 62 00 07 
 02 A4 00 00 FF E9 03 01 02 00 00 00 FF FF 00 00 00 FF E9 00 00 00 00 00 00 00 00 00 00 00 00 00 00 00 57 00 5F 00 01 
 02 A4 00 00 FF E9 03 01 02 00 00 00 FF FF 00 00 00 FF E9 00 00 00 00 00 00 00 00 00 00 00 00 00 00 00 56 00 5F 00 00 
 02 A4 00 00 FF E9 03 01 02 00 00 00 FF FF 00 00 00 FF E9 00 00 00 00 00 00 00 00 00 00 00 00 00 00 00 53 00 61 00 FF 
 02 A4 00 00 FF E9 03 01 02 00 00 00 FF FF 00 00 00 FF E9 00 00 00 00 00 00 00 00 00 00 00 00 00 00 00 56 00 60 00 01 
 02 A4 00 00 FF E9 03 01 02 00 00 00 FF FF 00 00 00 FF E9 00 00 00 00 00 00 00 00 00 00 00 00 00 00 00 56 00 5F 00 00 
 02 A4 00 00 FF E9 03 01 02 00 00 00 FF FF 00 00 00 FF E9 00 00 00 00 00 00 00 00 00 00 00 00 00 00 00 53 00 5F 00 FD 
 02 A4 00 00 FF E9 03 01 02 00 00 00 FF FF 00 00 00 FF E9 00 00 00 00 00 00 00 00 00 00 00 00 00 00 00 55 00 60 00 00 
 02 A4 00 00 FF E9 03 01 02 00 00 00 FF FF 00 00 00 FF E9 00 00 00 00 00 00 00 00 00 01 00 00 00 00 00 58 00 5F 00 03 
 02 A4 00 00 FF E9 03 01 02 00 00 00 FF FF 00 00 00 FF E9 00 00 00 00 00 00 00 00 00 01 00 00 00 00 00 57 00 61 00 04 
 02 A4 00 00 FF E9 03 01 02 00 00 00 FF FF 00 00 00 FF E9 00 00 00 00 00 00 00 00 00 00 00 00 00 00 00 54 00 5A 00 F9 
 02 A4 00 00 FF E9 03 01 02 00 00 00 FF FF 00 00 00 FF E9 00 00 00 00 00 00 00 00 00 00 00 00 00 00 00 56 00 5F 00 00 
 02 A4 00 00 FF E9 03 01 02 00 00 00 FF FF 00 00 00 FF E9 00 00 00 00 00 00 00 00 00 00 00 00 00 00 00 54 00 5F 00 FE 
 02 A4 00 00 FF E9 03 01 02 00 00 00 FF FF 00 00 00 FF E9 00 00 00 00 00 00 00 00 00 00 00 00 00 00 00 56 00 5F 00 00 
 02 A4 00 00 FF E9 03 01 02 00 00 00 FF FF 00 00 00 FF E9 00 00 00 00 00 00 00 00 00 00 00 00 00 00 00 57 00 5F 00 01 
 02 A4 00 00 FF E9 03 01 02 00 00 00 FF FF 00 00 00 FF E9 00 00 00 00 00 00 00 00 00 02 00 00 00 00 00 56 00 5E 00 01 
 02 A4 00 00 FF E9 03 01 02 00 00 00 FF FF 00 00 00 FF E9 00 00 00 00 00 00 00 00 00 02 00 00 00 00 00 56 00 5D 00 00 
 02 A4 00 00 FF E9 03 01 02 00 00 00 FF FF 00 00 00 FF E9 00 00 00 00 00 00 00 00 00 00 00 00 00 00 00 56 00 5D 00 FE 
 02 A4 00 00 FF E9 03 01 02 00 00 00 FF FF 00 00 00 FF E9 00 00 00 00 00 00 00 00 00 00 00 00 00 00 00 5A 00 61 00 06 
 02 A4 00 00 FF E9 03 01 02 00 00 00 FF FF 00 00 00 FF E9 00 00 00 00 00 00 00 00 00 00 00 00 00 00 00 56 00 5E 00 FF 
 02 A4 00 00 FF E9 03 01 02 00 00 00 FF FF 00 00 00 FF E9 00 00 00 00 00 00 00 00 00 00 00 00 00 00 00 57 00 5F 00 01 
 02 A4 00 00 FF E9 03 01 02 00 00 00 FF FF 00 00 00 FF E9 00 00 00 00 00 00 00 00 00 00 00 00 00 00 00 57 00 5E 00 00 
 02 A4 00 00 FF E9 03 01 02 00 00 00 FF FF 00 00 00 FF E9 00 00 00 00 00 00 00 00 00 02 00 00 00 00 00 57 00 5F 00 03 
 02 A4 00 00 FF E9 03 01 02 00 00 00 FF FF 00 00 00 FF E9 00 00 00 00 00 00 00 00 00 01 00 00 00 00 00 56 00 60 00 02 
 02 A4 00 00 FF E9 03 01 02 00 00 00 FF FF 00 00 00 FF E9 00 00 00 00 00 00 00 00 00 00 00 00 00 00 00 57 00 60 00 02 
 02 A4 00 00 FF E9 03 01 02 00 00 00 FF FF 00 00 00 FF E9 00 00 00 00 00 00 00 00 00 00 00 00 00 00 00 52 00 61 00 FE 
 02 A4 00 00 FF E9 03 01 02 00 00 00 FF FF 00 00 00 FF E9 00 00 00 00 00 00 00 00 00 00 00 00 00 00 00 58 00 61 00 04 
 02 A4 00 00 FF E9 03 01 02 00 00 00 FF FF 00 00 00 FF E9 00 00 00 00 00 00 00 00 00 00 00 00 00 00 00 54 00 5F 00 FE 
 02 A4 00 00 FF E9 03 01 02 00 00 00 FF FF 00 00 00 FF E9 00 00 00 00 00 00 00 00 00 00 00 00 00 00 00 58 00 5E 00 01 
 02 A4 00 00 FF E9 03 01 02 00 00 00 FF FF 00 00 00 FF E9 00 00 00 00 00 00 00 00 00 00 00 00 00 00 00 57 00 5F 00 01 
 02 A4 00 00 FF E9 03 01 02 00 00 00 FF FF 00 00 00 FF E9 00 00 00 00 00 00 00 00 00 00 00 00 00 00 00 56 00 61 00 02 
 02 A4 00 00 FF E9 03 01 02 00 00 00 FF FF 00 00 00 FF E9 00 00 00 00 00 00 00 00 00 00 00 00 00 00 00 55 00 5F 00 FF 
 02 A4 00 00 FF E9 03 01 02 00 00 00 FF FF 00 00 00 FF E9 00 00 00 00 00 00 00 00 00 00 00 00 00 00 00 54 00 5F 00 FE 
 02 A4 00 00 FF E9 03 01 02 00 00 00 FF FF 00 00 00 FF E9 00 00 00 00 00 00 00 00 00 00 00 00 00 00 00 56 00 5F 00 00 
 02 A4 00 00 FF E9 03 01 02 00 00 00 FF FF 00 00 00 FF E9 00 00 00 00 00 00 00 00 00 00 00 00 00 00 00 56 00 61 00 02 
 02 A4 00 00 FF E9 03 01 02 00 00 00 FF FF 00 00 00 FF E9 00 00 00 00 00 00 00 00 00 00 00 00 00 00 00 56 00 61 00 02 
 02 A4 00 00 FF E9 03 01 02 00 00 00 FF FF 00 00 00 FF E9 00 00 00 00 00 00 00 00 00 00 00 00 00 00 00 57 00 5F 00 01 
 02 A4 00 00 FF E9 03 01 02 00 00 00 FF FF 00 00 00 FF E9 00 00 00 00 00 00 00 00 00 00 00 00 00 00 00 57 00 5F 00 01 
 02 A4 00 00 FF E9 03 01 02 00 00 00 FF FF 00 00 00 FF E9 00 00 00 00 00 00 00 00 00 00 00 00 00 00 00 55 00 5E 00 FE 
 02 A4 00 00 FF E9 03 01 02 00 00 00 FF FF 00 00 00 FF E9 00 00 00 00 00 00 00 00 00 00 00 00 00 00 00 56 00 60 00 01 
 02 A4 00 00 FF E9 03 01 02 00 00 00 FF FF 00 00 00 FF E9 00 00 00 00 00 00 00 00 00 00 00 00 00 00 00 55 00 5E 00 FE 
 02 A4 00 00 FF E9 03 01 02 00 00 00 FF FF 00 00 00 FF E9 00 00 00 00 00 00 00 00 00 01 00 00 00 00 00 56 00 5F 00 01 
 02 A4 00 00 FF E9 03 01 02 00 00 00 FF FF 00 00 00 FF E9 00 00 00 00 00 00 00 00 00 00 00 00 00 00 00 55 00 5D 00 FD 
 02 A4 00 00 FF E9 03 01 02 00 00 00 FF FF 00 00 00 FF E9 00 00 00 00 00 00 00 00 00 00 00 00 00 00 00 57 00 62 00 04 
 02 A4 00 00 FF E9 03 01 02 00 00 00 FF FF 00 00 00 FF E9 00 00 00 00 00 00 00 00 00 00 00 00 00 00 00 55 00 5F 00 FF 
 02 A4 00 00 FF E9 03 01 02 00 00 00 FF FF 00 00 00 FF E9 00 00 00 00 00 00 00 00 00 00 00 00 00 00 00 56 00 5D 00 FE 
 02 A4 00 00 FF E9 03 01 02 00 00 00 FF FF 00 00 00 FF E9 00 00 00 00 00 00 00 00 00 00 00 00 00 00 00 54 00 5F 00 FE 
 02 A4 00 00 FF E9 03 01 02 00 00 00 FF FF 00 00 00 FF E9 00 00 00 00 00 00 00 00 00 00 00 00 00 00 00 57 00 5F 00 01 
 02 A4 00 00 FF E9 03 01 02 00 00 00 FF FF 00 00 00 FF E9 00 00 00 00 00 00 00 00 00 00 00 00 00 00 00 55 00 61 00 01 
 02 A4 00 00 FF E9 03 01 02 00 00 00 FF FF 00 00 00 FF E9 00 00 00 00 00 00 00 00 00 00 00 00 00 00 00 55 00 5F 00 FF 
 02 A4 00 00 FF E9 03 01 02 00 00 00 FF FF 00 00 00 FF E9 00 00 00 00 00 00 00 00 00 00 00 00 00 00 00 56 00 5E 00 FF 
 02 A4 00 00 FF E9 03 01 02 00 00 00 FF FF 00 00 00 FF E9 00 00 00 00 00 00 00 00 00 00 00 00 00 00 00 55 00 5E 00 FE 
 02 A4 00 00 FF E9 03 01 02 00 00 00 FF FF 00 00 00 FF E9 00 00 00 00 00 00 00 00 00 00 00 00 00 00 00 58 00 5F 00 02 
 02 A4 00 00 FF E9 03 01 02 00 00 00 FF FF 00 00 00 FF E9 00 00 00 00 00 00 00 00 00 00 00 00 00 00 00 55 00 5E 00 FE 
 02 A4 00 00 FF E9 03 01 02 00 00 00 FF FF 00 00 00 FF E9 00 00 00 00 00 00 00 00 00 00 00 00 00 00 00 54 00 5E 00 FD 
 02 A4 00 00 FF E9 03 01 02 00 00 00 FF FF 00 00 00 FF E9 00 00 00 00 00 00 00 00 00 00 00 00 00 00 00 56 00 62 00 03 
 02 A4 00 00 FF E9 03 01 02 00 00 00 FF FF 00 00 00 FF E9 00 00 00 00 00 00 00 00 00 00 00 00 00 00 00 59 00 60 00 04 
 02 A4 00 00 FF E9 03 01 02 00 00 00 FF FF 00 00 00 FF E9 00 00 00 00 00 00 00 00 00 00 00 00 00 00 00 57 00 5E 00 00 
 02 A4 00 00 FF E9 03 01 02 00 00 00 FF FF 00 00 00 FF E9 00 00 00 00 00 00 00 00 00 01 00 00 00 00 00 56 00 5F 00 01 
 02 A4 00 00 FF E9 03 01 02 00 00 00 FF FF 00 00 00 FF E9 00 00 00 00 00 00 00 00 00 00 00 00 00 00 00 57 00 5F 00 01 
 02 A4 00 00 FF E9 03 01 02 00 00 00 FF FF 00 00 00 FF E9 00 00 00 00 00 00 00 00 00 00 00 00 00 00 00 5B 00 62 00 08 
 02 A4 00 00 FF E9 03 01 02 00 00 00 FF FF 00 00 00 FF E9 00 00 00 00 00 00 00 00 00 00 00 00 00 00 00 54 00 5F 00 FE 
 02 A4 00 00 FF E9 03 01 02 00 00 00 FF FF 00 00 00 FF E9 00 00 00 00 00 00 00 00 00 00 00 00 00 00 00 55 00 5F 00 FF 
 02 A4 00 00 FF E9 03 01 02 00 00 00 FF FF 00 00 00 FF E9 00 00 00 00 00 00 00 00 00 00 00 00 00 00 00 55 00 5F 00 FF 
 02 A4 00 00 FF E9 03 01 02 00 00 00 FF FF 00 00 00 FF E9 00 00 00 00 00 00 00 00 00 00 00 00 00 00 00 56 00 65 00 06 
 02 A4 00 00 FF E9 03 01 02 00 00 00 FF FF 00 00 00 FF E9 00 00 00 00 00 00 00 00 00 00 00 00 00 00 00 56 00 5E 00 FF 
 02 A4 00 00 FF E9 03 01 02 00 00 00 FF FF 00 00 00 FF E9 00 00 00 00 00 00 00 00 00 00 00 00 00 00 00 57 00 60 00 02 
 02 A4 00 00 FF E9 03 01 02 00 00 00 FF FF 00 00 00 FF E9 00 00 00 00 00 00 00 00 00 00 00 00 00 00 00 57 00 60 00 02 
 02 A4 00 00 FF E9 03 01 02 00 00 00 FF FF 00 00 00 FF E9 00 00 00 00 00 00 00 00 00 00 00 00 00 00 00 54 00 5D 00 FC 
 02 A4 00 00 FF E9 03 01 02 00 00 00 FF FF 00 00 00 FF E9 00 00 00 00 00 00 00 00 00 01 00 00 00 00 00 56 00 5F 00 01 
 02 A4 00 00 FF E9 03 01 02 00 00 00 FF FF 00 00 00 FF E9 00 00 00 00 00 00 00 00 00 00 00 00 00 00 00 54 00 5D 00 FC 
 02 A4 00 00 FF E9 03 01 02 00 00 00 FF FF 00 00 00 FF E9 00 00 00 00 00 00 00 00 00 00 00 00 00 00 00 57 00 5E 00 00 
 02 A4 00 00 FF E9 03 01 02 00 00 00 FF FF 00 00 00 FF E9 00 00 00 00 00 00 00 00 00 00 00 00 00 00 00 56 00 5F 00 00 
 02 A4 00 00 FF E9 03 01 02 00 00 00 FF FF 00 00 00 FF E9 00 00 00 00 00 00 00 00 00 00 00 00 00 00 00 5A 00 5F 00 04 
 02 A4 00 00 FF E9 03 01 02 00 00 00 FF FF 00 00 00 FF E9 00 00 00 00 00 00 00 00 00 02 00 00 00 00 00 56 00 5F 00 02 
 02 A4 00 00 FF E9 03 01 02 00 00 00 FF FF 00 00 00 FF E9 00 00 00 00 00 00 00 00 00 00 00 00 00 00 00 56 00 5F 00 00 
 02 A4 00 00 FF E9 03 01 02 00 00 00 FF FF 00 00 00 FF E9 00 00 00 00 00 00 00 00 00 00 00 00 00 00 00 56 00 5E 00 FF 
 02 A4 00 00 FF E9 03 01 02 00 00 00 FF FF 00 00 00 FF E9 00 00 00 00 00 00 00 00 00 00 00 00 00 00 00 55 00 61 00 01 
 02 A4 00 00 FF E9 03 01 02 00 00 00 FF FF 00 00 00 FF E9 00 00 00 00 00 00 00 00 00 00 00 00 00 00 00 56 00 60 00 01 
 02 A4 00 00 FF E9 03 01 02 00 00 00 FF FF 00 00 00 FF E9 00 00 00 00 00 00 00 00 00 00 00 00 00 00 00 57 00 5E 00 00 
 02 A4 00 00 FF E9 03 01 02 00 00 00 FF FF 00 00 00 FF E9 00 00 00 00 00 00 00 00 00 00 00 00 00 00 00 56 00 5E 00 FF 
 02 A4 00 00 FF E9 03 01 02 00 00 00 FF FF 00 00 00 FF E9 00 00 00 00 00 00 00 00 00 00 00 00 00 00 00 56 00 5F 00 00 
 02 A4 00 00 FF E9 03 01 02 00 00 00 FF FF 00 00 00 FF E9 00 00 00 00 00 00 00 00 00 00 00 00 00 00 00 54 00 5F 00 FE 
 02 A4 00 00 FF E9 03 01 02 00 00 00 FF FF 00 00 00 FF E9 00 00 00 00 00 00 00 00 00 00 00 00 00 00 00 56 00 5F 00 00 
 02 A4 00 00 FF E9 03 01 02 00 00 00 FF FF 00 00 00 FF E9 00 00 00 00 00 00 00 00 00 00 00 00 00 00 00 56 00 5E 00 FF 
 02 A4 00 00 FF E9 03 01 02 00 00 00 FF FF 00 00 00 FF E9 00 00 00 00 00 00 00 00 00 00 00 00 00 00 00 56 00 5F 00 00 
 02 A4 00 00 FF E9 03 01 02 00 00 00 FF FF 00 00 00 FF E9 00 00 00 00 00 00 00 00 00 01 00 00 00 00 00 56 00 5F 00 01 
 02 A4 00 00 FF E9 03 01 02 00 00 00 FF FF 00 00 00 FF E9 00 00 00 00 00 00 00 00 00 00 00 00 00 00 00 59 00 5F 00 03 
 02 A4 00 00 FF E9 03 01 02 00 00 00 FF FF 00 00 00 FF E9 00 00 00 00 00 00 00 00 00 00 00 00 00 00 00 57 00 5F 00 01 
 02 A4 00 00 FF E9 03 01 02 00 00 00 FF FF 00 00 00 FF E9 00 00 00 00 00 00 00 00 00 00 00 00 00 00 00 54 00 60 00 FF 
 02 A4 00 00 FF E9 03 01 02 00 00 00 FF FF 00 00 00 FF E9 00 00 00 00 00 00 00 00 00 00 00 00 00 00 00 56 00 5F 00 00 
 02 A4 00 00 FF E9 03 01 02 00 00 00 FF FF 00 00 00 FF E9 00 00 00 00 00 00 00 00 00 00 00 00 00 00 00 55 00 5F 00 FF 
 02 A4 00 00 FF E9 03 01 02 00 00 00 FF FF 00 00 00 FF E9 00 00 00 00 00 00 00 00 00 00 00 00 00 00 00 56 00 5E 00 FF 
 02 A4 00 00 FF E9 03 01 02 00 00 00 FF FF 00 00 00 FF E9 00 00 00 00 00 00 00 00 00 00 00 00 00 00 00 55 00 5E 00 FE 
 02 A4 00 00 FF E9 03 01 02 00 00 00 FF FF 00 00 00 FF E9 00 00 00 00 00 00 00 00 00 00 00 00 00 00 00 56 00 5E 00 FF 
 02 A4 00 00 FF E9 03 01 02 00 00 00 FF FF 00 00 00 FF E9 00 00 00 00 00 00 00 00 00 00 00 00 00 00 00 55 00 5F 00 FF 
 02 A4 00 00 FF E9 03 01 02 00 00 00 FF FF 00 00 00 FF E9 00 00 00 00 00 00 00 00 00 00 00 00 00 00 00 57 00 5F 00 01 
 02 A4 00 00 FF E9 03 01 02 00 00 00 FF FF 00 00 00 FF E9 00 00 00 00 00 00 00 00 00 02 00 00 00 00 00 56 00 5F 00 02 
 02 A4 00 00 FF E9 03 01 02 00 00 00 FF FF 00 00 00 FF E9 00 00 00 00 00 00 00 00 00 00 00 00 00 00 00 57 00 61 00 03 
 02 A4 00 00 FF E9 03 01 02 00 00 00 FF FF 00 00 00 FF E9 00 00 00 00 00 00 00 00 00 00 00 00 00 00 00 59 00 5F 00 03 
 02 A4 00 00 FF E9 03 01 02 00 00 00 FF FF 00 00 00 FF E9 00 00 00 00 00 00 00 00 00 00 00 00 00 00 00 57 00 61 00 03 
 02 A4 00 00 FF E9 03 01 02 00 00 00 FF FF 00 00 00 FF E9 00 00 00 00 00 00 00 00 00 01 00 00 00 00 00 57 00 5F 00 02 
 02 A4 00 00 FF E9 03 01 02 00 00 00 FF FF 00 00 00 FF E9 00 00 00 00 00 00 00 00 00 00 00 00 00 00 00 54 00 61 00 00 
 02 A4 00 00 FF E9 03 01 02 00 00 00 FF FF 00 00 00 FF E9 00 00 00 00 00 00 00 00 00 00 00 00 00 00 00 56 00 61 00 02 
 02 A4 00 00 FF E9 03 01 02 00 00 00 FF FF 00 00 00 FF E9 00 00 00 00 00 00 00 00 00 00 00 00 00 00 00 54 00 61 00 00 
 02 A4 00 00 FF E9 03 01 02 00 00 00 FF FF 00 00 00 FF E9 00 00 00 00 00 00 00 00 00 00 00 00 00 00 00 58 00 5E 00 01 
 02 A4 00 00 FF E9 03 01 02 00 00 00 FF FF 00 00 00 FF E9 00 00 00 00 00 00 00 00 00 00 00 00 00 00 00 57 00 61 00 03 
 02 A4 00 00 FF E9 03 01 02 00 00 00 FF FF 00 00 00 FF E9 00 00 00 00 00 00 00 00 00 00 00 00 00 00 00 56 00 5F 00 00 
 02 A4 00 00 FF E9 03 01 02 00 00 00 FF FF 00 00 00 FF E9 00 00 00 00 00 00 00 00 00 02 00 00 00 00 00 57 00 60 00 04 
 02 A4 00 00 FF E9 03 01 02 00 00 00 FF FF 00 00 00 FF E9 00 00 00 00 00 00 00 00 00 00 00 00 00 00 00 57 00 5D 00 FF 
 02 A4 00 00 FF E9 03 01 02 00 00 00 FF FF 00 00 00 FF E9 00 00 00 00 00 00 00 00 00 00 00 00 00 00 00 56 00 5E 00 FF 
 02 A4 00 00 FF E9 03 01 02 00 00 00 FF FF 00 00 00 FF E9 00 00 00 00 00 00 00 00 00 01 00 00 00 00 00 57 00 61 00 04 
 02 A4 00 00 FF E9 03 01 02 00 00 00 FF FF 00 00 00 FF E9 00 00 00 00 00 00 00 00 00 00 00 00 00 00 00 57 00 5F 00 01 
 02 A4 00 00 FF E9 03 01 02 00 00 00 FF FF 00 00 00 FF E9 00 00 00 00 00 00 00 00 00 00 00 00 00 00 00 57 00 5F 00 01 
 02 A4 00 00 FF E9 03 01 02 00 00 00 FF FF 00 00 00 FF E9 00 00 00 00 00 00 00 00 00 00 00 00 00 00 00 56 00 5F 00 00 
 02 A4 00 00 FF E9 03 01 02 00 00 00 FF FF 00 00 00 FF E9 00 00 00 00 00 00 00 00 00 00 00 00 00 00 00 54 00 60 00 FF 
 02 A4 00 00 FF E9 03 01 02 00 00 00 FF FF 00 00 00 FF E9 00 00 00 00 00 00 00 00 00 00 00 00 00 00 00 57 00 61 00 03 
 02 A4 00 00 FF E9 03 01 02 00 00 00 FF FF 00 00 00 FF E9 00 00 00 00 00 00 00 00 00 00 00 00 00 00 00 55 00 5F 00 FF 
 02 A4 00 00 FF E9 03 01 02 00 00 00 FF FF 00 00 00 FF E9 00 00 00 00 00 00 00 00 00 01 00 00 00 00 00 56 00 5F 00 01 
 02 A4 00 00 FF E9 03 01 02 00 00 00 FF FF 00 00 00 FF E9 00 00 00 00 00 00 00 00 00 00 00 00 00 00 00 56 00 5F 00 00 
 02 A4 00 00 FF E9 03 01 02 00 00 00 FF FF 00 00 00 FF E9 00 00 00 00 00 00 00 00 00 00 00 00 00 00 00 58 00 5E 00 01 
 02 A4 00 00 FF E9 03 01 02 00 00 00 FF FF 00 00 00 FF E9 00 00 00 00 00 00 00 00 00 02 00 00 00 00 00 56 00 5F 00 02 
 02 A4 00 00 FF E9 03 01 02 00 00 00 FF FF 00 00 00 FF E9 00 00 00 00 00 00 00 00 00 00 00 00 00 00 00 55 00 5E 00 FE 
 02 A4 00 00 FF E9 03 01 02 00 00 00 FF FF 00 00 00 FF E9 00 00 00 00 00 00 00 00 00 00 00 00 00 00 00 57 00 5F 00 01 
 02 A4 00 00 FF E9 03 01 02 00 00 00 FF FF 00 00 00 FF E9 00 00 00 00 00 00 00 00 00 00 00 00 00 00 00 56 00 64 00 05 
 02 A4 00 00 FF E9 03 01 02 00 00 00 FF FF 00 00 00 FF E9 00 00 00 00 00 00 00 00 00 00 00 00 00 00 00 56 00 61 00 02 
 02 A4 00 00 FF E9 03 01 02 00 00 00 FF FF 00 00 00 FF E9 00 00 00 00 00 00 00 00 00 00 00 00 00 00 00 56 00 60 00 01 
 02 A4 00 00 FF E9 03 01 02 00 00 00 FF FF 00 00 00 FF E9 00 00 00 00 00 00 00 00 00 00 00 00 00 00 00 56 00 5E 00 FF 
 02 A4 00 00 FF E9 03 01 02 00 00 00 FF FF 00 00 00 FF E9 00 00 00 00 00 00 00 00 00 00 00 00 00 00 00 57 00 5D 00 FF 
 02 A4 00 00 FF E9 03 01 02 00 00 00 FF FF 00 00 00 FF E9 00 00 00 00 00 00 00 00 00 00 00 00 00 00 00 54 00 61 00 00 
 02 A4 00 00 FF E9 03 01 02 00 00 00 FF FF 00 00 00 FF E9 00 00 00 00 00 00 00 00 00 00 00 00 00 00 00 58 00 60 00 03 
 02 A4 00 00 FF E9 03 01 02 00 00 00 FF FF 00 00 00 FF E9 00 00 00 00 00 00 00 00 00 00 00 00 00 00 00 55 00 60 00 00 
 02 A4 00 00 FF E9 03 01 02 00 00 00 FF FF 00 00 00 FF E9 00 00 00 00 00 00 00 00 00 00 00 00 00 00 00 56 00 5F 00 00 
 02 A4 00 00 FF E9 03 01 02 00 00 00 FF FF 00 00 00 FF E9 00 00 00 00 00 00 00 00 00 01 00 00 00 00 00 5A 00 62 00 08 
 02 A4 00 00 FF E9 03 01 02 00 00 00 FF FF 00 00 00 FF E9 00 00 00 00 00 00 00 00 00 00 00 00 00 00 00 56 00 5F 00 00 
 02 A4 00 00 FF E9 03 01 02 00 00 00 FF FF 00 00 00 FF E9 00 00 00 00 00 00 00 00 00 00 00 00 00 00 00 55 00 5F 00 FF 
 02 A4 00 00 FF E9 03 01 02 00 00 00 FF FF 00 00 00 FF E9 00 00 00 00 00 00 00 00 00 00 00 00 00 00 00 57 00 5F 00 01 
 02 A4 00 00 FF E9 03 01 02 00 00 00 FF FF 00 00 00 FF E9 00 00 00 00 00 00 00 00 00 00 00 00 00 00 00 54 00 60 00 FF 
 02 A4 00 00 FF E9 03 01 02 00 00 00 FF FF 00 00 00 FF E9 00 00 00 00 00 00 00 00 00 00 00 00 00 00 00 59 00 62 00 06 
 02 A4 00 00 FF E9 03 01 02 00 00 00 FF FF 00 00 00 FF E9 00 00 00 00 00 00 00 00 00 00 00 00 00 00 00 56 00 5D 00 FE 
 02 A4 00 00 FF E9 03 01 02 00 00 00 FF FF 00 00 00 FF E9 00 00 00 00 00 00 00 00 00 00 00 00 00 00 00 56 00 5F 00 00 
 02 A4 00 00 FF E9 03 01 02 00 00 00 FF FF 00 00 00 FF E9 00 00 00 00 00 00 00 00 00 00 00 00 00 00 00 57 00 60 00 02 
 02 A4 00 00 FF E9 03 01 02 00 00 00 FF FF 00 00 00 FF E9 00 00 00 00 00 00 00 00 00 00 00 00 00 00 00 59 00 63 00 07 
 02 A4 00 00 FF E9 03 01 02 00 00 00 FF FF 00 00 00 FF E9 00 00 00 00 00 00 00 00 00 00 00 00 00 00 00 54 00 61 00 00 
 02 A4 00 00 FF E9 03 01 02 00 00 00 FF FF 00 00 00 FF E9 00 00 00 00 00 00 00 00 00 00 00 00 00 00 00 58 00 60 00 03 
 02 A4 00 00 FF E9 03 01 02 00 00 00 FF FF 00 00 00 FF E9 00 00 00 00 00 00 00 00 00 00 00 00 00 00 00 56 00 5F 00 00 
 02 A4 00 00 FF E9 03 01 02 00 00 00 FF FF 00 00 00 FF E9 00 00 00 00 00 00 00 00 00 00 00 00 00 00 00 56 00 5F 00 00 
 02 A4 00 00 FF E9 03 01 02 00 00 00 FF FF 00 00 00 FF E9 00 00 00 00 00 00 00 00 00 00 00 00 00 00 00 58 00 5F 00 02 
 02 A4 00 00 FF E9 03 01 02 00 00 00 FF FF 00 00 00 FF E9 00 00 00 00 00 00 00 00 00 00 00 00 00 00 00 55 00 5D 00 FD 
 02 A4 00 00 FF E9 03 01 02 00 00 00 FF FF 00 00 00 FF E9 00 00 00 00 00 00 00 00 00 00 00 00 00 00 00 58 00 5E 00 01 
 02 A4 00 00 FF E9 03 01 02 00 00 00 FF FF 00 00 00 FF E9 00 00 00 00 00 00 00 00 00 01 00 00 00 00 00 57 00 60 00 03 
 02 A4 00 00 FF E9 03 01 02 00 00 00 FF FF 00 00 00 FF E9 00 00 00 00 00 00 00 00 00 00 00 00 00 00 00 55 00 5F 00 FF 
 02 A4 00 00 FF E9 03 01 02 00 00 00 FF FF 00 00 00 FF E9 00 00 00 00 00 00 00 00 00 00 00 00 00 00 00 55 00 5D 00 FD 
 02 A4 00 00 FF E9 03 01 02 00 00 00 FF FF 00 00 00 FF E9 00 00 00 00 00 00 00 00 00 00 00 00 00 00 00 59 00 5E 00 02 
 02 A4 00 00 FF E9 03 01 02 00 00 00 FF FF 00 00 00 FF E9 00 00 00 00 00 00 00 00 00 00 00 00 00 00 00 57 00 5F 00 01 
 02 A4 00 00 FF E9 03 01 02 00 00 00 FF FF 00 00 00 FF E9 00 00 00 00 00 00 00 00 00 00 00 00 00 00 00 55 00 5E 00 FE 
 02 A4 00 00 FF E9 03 01 02 00 00 00 FF FF 00 00 00 FF E9 00 00 00 00 00 00 00 00 00 00 00 00 00 00 00 57 00 5F 00 01 
 02 A4 00 00 FF E9 03 01 02 00 00 00 FF FF 00 00 00 FF E9 00 00 00 00 00 00 00 00 00 01 00 00 00 00 00 56 00 5F 00 01 
 02 A4 00 00 FF E9 03 01 02 00 00 00 FF FF 00 00 00 FF E9 00 00 00 00 00 00 00 00 00 00 00 00 00 00 00 55 00 5D 00 FD 
 02 A4 00 00 FF E9 03 01 02 00 00 00 FF FF 00 00 00 FF E9 00 00 00 00 00 00 00 00 00 00 00 00 00 00 00 55 00 5D 00 FD 
 02 A4 00 00 FF E9 03 01 02 00 00 00 FF FF 00 00 00 FF E9 00 00 00 00 00 00 00 00 00 00 00 00 00 00 00 55 00 5F 00 FF 
 02 A4 00 00 FF E9 03 01 02 00 00 00 FF FF 00 00 00 FF E9 00 00 00 00 00 00 00 00 00 00 00 00 00 00 00 58 00 61 00 04 
 02 A4 00 00 FF E9 03 01 02 00 00 00 FF FF 00 00 00 FF E9 00 00 00 00 00 00 00 00 00 00 00 00 00 00 00 58 00 60 00 03 
 02 A4 00 00 FF E9 03 01 02 00 00 00 FF FF 00 00 00 FF E9 00 00 00 00 00 00 00 00 00 00 00 00 00 00 00 56 00 5F 00 00 
 02 A4 00 00 FF E9 03 01 02 00 00 00 FF FF 00 00 00 FF E9 00 00 00 00 00 00 00 00 00 00 00 00 00 00 00 5A 00 62 00 07 
 02 A4 00 00 FF E9 03 01 02 00 00 00 FF FF 00 00 00 FF E9 00 00 00 00 00 00 00 00 00 00 00 00 00 00 00 55 00 5F 00 FF 
 02 A4 00 00 FF E9 03 01 02 00 00 00 FF FF 00 00 00 FF E9 00 00 00 00 00 00 00 00 00 00 00 00 00 00 00 55 00 5E 00 FE 
 02 A4 00 00 FF E9 03 01 02 00 00 00 FF FF 00 00 00 FF E9 00 00 00 00 00 00 00 00 00 01 00 00 00 00 00 58 00 5F 00 03 
 02 A4 00 00 FF E9 03 01 02 00 00 00 FF FF 00 00 00 FF E9 00 00 00 00 00 00 00 00 00 00 00 00 00 00 00 57 00 63 00 05 
 02 A4 00 00 FF E9 03 01 02 00 00 00 FF FF 00 00 00 FF E9 00 00 00 00 00 00 00 00 00 00 00 00 00 00 00 55 00 5B 00 FB 
 02 A4 00 00 FF E9 03 01 02 00 00 00 FF FF 00 00 00 FF E9 00 00 00 00 00 00 00 00 00 00 00 00 00 00 00 57 00 61 00 03 
 02 A4 00 00 FF E9 03 01 02 00 00 00 FF FF 00 00 00 FF E9 00 00 00 00 00 00 00 00 00 01 00 00 00 00 00 57 00 61 00 04 
 02 A4 00 00 FF E9 03 01 02 00 00 00 FF FF 00 00 00 FF E9 00 00 00 00 00 00 00 00 00 00 00 00 00 00 00 54 00 5D 00 FC 
 02 A4 00 00 FF E9 03 01 02 00 00 00 FF FF 00 00 00 FF E9 00 00 00 00 00 00 00 00 00 00 00 00 00 00 00 57 00 64 00 06 
 02 A4 00 00 FF E9 03 01 02 00 00 00 FF FF 00 00 00 FF E9 00 00 00 00 00 00 00 00 00 00 00 00 00 00 00 58 00 5E 00 01 
 02 A4 00 00 FF E9 03 01 02 00 00 00 FF FF 00 00 00 FF E9 00 00 00 00 00 00 00 00 00 00 00 00 00 00 00 56 00 61 00 02 
 02 A4 00 00 FF E9 03 01 02 00 00 00 FF FF 00 00 00 FF E9 00 00 00 00 00 00 00 00 00 00 00 00 00 00 00 58 00 5F 00 02 
 02 A4 00 00 FF E9 03 01 02 00 00 00 FF FF 00 00 00 FF E9 00 00 00 00 00 00 00 00 00 00 00 00 00 00 00 58 00 62 00 05 
 02 A4 00 00 FF E9 03 01 02 00 00 00 FF FF 00 00 00 FF E9 00 00 00 00 00 00 00 00 00 00 00 00 00 00 00 58 00 62 00 05 
 02 A4 00 00 FF E9 03 01 02 00 00 00 FF FF 00 00 00 FF E9 00 00 00 00 00 00 00 00 00 00 00 00 00 00 00 58 00 62 00 05 
 02 A4 00 00 FF E9 03 01 02 00 00 00 FF FF 00 00 00 FF E9 00 00 00 00 00 00 00 00 00 00 00 00 00 00 00 5C 00 62 00 09 
 02 A4 00 00 FF E9 03 01 02 00 00 00 FF FF 00 00 00 FF E9 00 00 00 00 00 00 00 00 00 00 00 00 00 00 00 58 00 5C 00 FF 
 02 A4 00 00 FF E9 03 01 02 00 00 00 FF FF 00 00 00 FF E9 00 00 00 00 00 00 00 00 00 00 00 00 00 00 00 58 00 5F 00 02 
 02 A4 00 00 FF E9 03 01 02 00 00 00 FF FF 00 00 00 FF E9 00 00 00 00 00 00 00 00 00 00 00 00 00 00 00 56 00 5F 00 00 
 02 A4 00 00 FF E9 03 01 02 00 00 00 FF FF 00 00 00 FF E9 00 00 00 00 00 00 00 00 00 00 00 00 00 00 00 57 00 5F 00 01 
 02 A4 00 00 FF E9 03 01 02 00 00 00 FF FF 00 00 00 FF E9 00 00 00 00 00 00 00 00 00 00 00 00 00 00 00 56 00 5E 00 FF 
 02 A4 00 00 FF E9 03 01 02 00 00 00 FF FF 00 00 00 FF E9 00 00 00 00 00 00 00 00 00 00 00 00 00 00 00 59 00 63 00 07 
 02 A4 00 00 FF E9 03 01 02 00 00 00 FF FF 00 00 00 FF E9 00 00 00 00 00 00 00 00 00 01 00 00 00 00 00 58 00 5F 00 03 
 02 A4 00 00 FF E9 03 01 02 00 00 00 FF FF 00 00 00 FF E9 00 00 00 00 00 00 00 00 00 00 00 00 00 00 00 59 00 61 00 05 
 02 A4 00 00 FF E9 03 01 02 00 00 00 FF FF 00 00 00 FF E9 00 00 00 00 00 00 00 00 00 00 00 00 00 00 00 58 00 62 00 05 
 02 A4 00 00 FF E9 03 01 02 00 00 00 FF FF 00 00 00 FF E9 00 00 00 00 00 00 00 00 00 00 00 00 00 00 00 5A 00 64 00 09 
 02 A4 00 00 FF E9 03 01 02 00 00 00 FF FF 00 00 00 FF E9 00 00 00 00 00 00 00 00 00 00 00 00 00 00 00 5F 00 5F 00 09 
 02 A4 00 00 FF E9 03 01 02 00 00 00 FF FF 00 00 00 FF E9 00 00 00 00 00 00 00 00 00 00 00 00 00 00 00 57 00 65 00 07 
 02 A4 00 00 FF E9 03 01 02 00 00 00 FF FF 00 00 00 FF E9 00 00 00 00 00 00 00 00 00 00 00 00 00 00 00 57 00 60 00 02 
 02 A4 00 00 FF E9 03 01 02 00 00 00 FF FF 00 00 00 FF E9 00 00 00 00 00 00 00 00 00 00 00 00 00 00 00 58 00 5F 00 02 
 02 A4 00 00 FF E9 03 01 02 00 00 00 FF FF 00 00 00 FF E9 00 00 00 00 00 00 00 00 00 00 00 00 00 00 00 58 00 60 00 03 
 02 A4 00 00 FF E9 03 01 02 00 00 00 FF FF 00 00 00 FF E9 00 00 00 00 00 00 00 00 00 00 00 00 00 00 00 59 00 5A 00 FE 
 02 A4 00 00 FF E9 03 01 02 00 00 00 FF FF 00 00 00 FF E9 00 00 00 00 00 00 00 00 00 00 00 00 00 00 00 59 00 5F 00 03 
 02 A4 00 00 FF E9 03 01 02 00 00 00 FF FF 00 00 00 FF E9 00 00 00 00 00 00 00 00 00 00 00 00 00 00 00 58 00 5D 00 00 
 02 A4 00 00 FF E9 03 01 02 00 00 00 FF FF 00 00 00 FF E9 00 00 00 00 00 00 00 00 00 01 00 00 00 00 00 5A 00 65 00 0B 
 02 A4 00 00 FF E9 03 01 02 00 00 00 FF FF 00 00 00 FF E9 00 00 00 00 00 00 00 00 00 01 00 00 00 00 00 58 00 5F 00 03 
 02 A4 00 00 FF E9 03 01 02 00 00 00 FF FF 00 00 00 FF E9 00 00 00 00 00 00 00 00 00 02 00 00 00 00 00 57 00 5F 00 03 
 02 A4 00 00 FF E9 03 01 02 00 00 00 FF FF 00 00 00 FF E9 00 00 00 00 00 00 00 00 00 00 00 00 00 00 00 57 00 5F 00 01 
 02 A4 00 00 FF E9 03 01 02 00 00 00 FF FF 00 00 00 FF E9 00 00 00 00 00 00 00 00 00 00 00 00 00 00 00 57 00 5F 00 01 
 02 A4 00 00 FF E9 03 01 02 00 00 00 FF FF 00 00 00 FF E9 00 00 00 00 00 00 00 00 00 01 00 00 00 00 00 56 00 60 00 02 
 02 A4 00 00 FF E9 03 01 02 00 00 00 FF FF 00 00 00 FF E9 00 00 00 00 00 00 00 00 00 00 00 00 00 00 00 57 00 5F 00 01 
 02 A4 00 00 FF E9 03 01 02 00 00 00 FF FF 00 00 00 FF E9 00 00 00 00 00 00 00 00 00 00 00 00 00 00 00 55 00 61 00 01 
 02 A4 00 00 FF E9 03 01 02 00 00 00 FF FF 00 00 00 FF E9 00 00 00 00 00 00 00 00 00 00 00 00 00 00 00 56 00 5E 00 FF 
 02 A4 00 00 FF E9 03 01 02 00 00 00 FF FF 00 00 00 FF E9 00 00 00 00 00 00 00 00 00 00 00 00 00 00 00 59 00 62 00 06 
 02 A4 00 00 FF E9 03 01 02 00 00 00 FF FF 00 00 00 FF E9 00 00 00 00 00 00 00 00 00 00 00 00 00 00 00 58 00 60 00 03 
 02 A4 00 00 FF E9 03 01 02 00 00 00 FF FF 00 00 00 FF E9 00 00 00 00 00 00 00 00 00 00 00 00 00 00 00 55 00 5E 00 FE 
 02 A4 00 00 FF E9 03 01 02 00 00 00 FF FF 00 00 00 FF E9 00 00 00 00 00 00 00 00 00 00 00 00 00 00 00 58 00 5F 00 02 
 02 A4 00 00 FF E9 03 01 02 00 00 00 FF FF 00 00 00 FF E9 00 00 00 00 00 00 00 00 00 00 00 00 00 00 00 56 00 5F 00 00 
 02 A4 00 00 FF E9 03 01 02 00 00 00 FF FF 00 00 00 FF E9 00 00 00 00 00 00 00 00 00 00 00 00 00 00 00 56 00 62 00 03 
 02 A4 00 00 FF E9 03 01 02 00 00 00 FF FF 00 00 00 FF E9 00 00 00 00 00 00 00 00 00 00 00 00 00 00 00 57 00 5F 00 01 
 02 A4 00 00 FF E9 03 01 02 00 00 00 FF FF 00 00 00 FF E9 00 00 00 00 00 00 00 00 00 00 00 00 00 00 00 57 00 62 00 04 
 02 A4 00 00 FF E9 03 01 02 00 00 00 FF FF 00 00 00 FF E9 00 00 00 00 00 00 00 00 00 00 00 00 00 00 00 56 00 5D 00 FE 
 02 A4 00 00 FF E9 03 01 02 00 00 00 FF FF 00 00 00 FF E9 00 00 00 00 00 00 00 00 00 02 00 00 00 00 00 59 00 60 00 06 
 02 A4 00 00 FF E9 03 01 02 00 00 00 FF FF 00 00 00 FF E9 00 00 00 00 00 00 00 00 00 00 00 00 00 00 00 59 00 60 00 04 
 02 A4 00 00 FF E9 03 01 02 00 00 00 FF FF 00 00 00 FF E9 00 00 00 00 00 00 00 00 00 00 00 00 00 00 00 57 00 5F 00 01 
 02 A4 00 00 FF E9 03 01 02 00 00 00 FF FF 00 00 00 FF E9 00 00 00 00 00 00 00 00 00 00 00 00 00 00 00 55 00 5E 00 FE 
 02 A4 00 00 FF E9 03 01 02 00 00 00 FF FF 00 00 00 FF E9 00 00 00 00 00 00 00 00 00 02 00 00 00 00 00 59 00 63 00 09 
 02 A4 00 00 FF E9 03 01 02 00 00 00 FF FF 00 00 00 FF E9 00 00 00 00 00 00 00 00 00 00 00 00 00 00 00 56 00 5F 00 00 
 02 A4 00 00 FF E9 03 01 02 00 00 00 FF FF 00 00 00 FF E9 00 00 00 00 00 00 00 00 00 00 00 00 00 00 00 57 00 5F 00 01 
 02 A4 00 00 FF E9 03 01 02 00 00 00 FF FF 00 00 00 FF E9 00 00 00 00 00 00 00 00 00 01 00 00 00 00 00 59 00 5F 00 04 
 02 A4 00 00 FF E9 03 01 02 00 00 00 FF FF 00 00 00 FF E9 00 00 00 00 00 00 00 00 00 00 00 00 00 00 00 58 00 5D 00 00 
 02 A4 00 00 FF E9 03 01 02 00 00 00 FF FF 00 00 00 FF E9 00 00 00 00 00 00 00 00 00 00 00 00 00 00 00 56 00 5F 00 00 
 02 A4 00 00 FF E9 03 01 02 00 00 00 FF FF 00 00 00 FF E9 00 00 00 00 00 00 00 00 00 00 00 00 00 00 00 56 00 65 00 06 
 02 A4 00 00 FF E9 03 01 02 00 00 00 FF FF 00 00 00 FF E9 00 00 00 00 00 00 00 00 00 00 00 00 00 00 00 5E 00 5F 00 08 
 02 A4 00 00 FF E9 03 01 02 00 00 00 FF FF 00 00 00 FF E9 00 00 00 00 00 00 00 00 00 00 00 00 00 00 00 56 00 5F 00 00 
 02 A4 00 00 FF E9 03 01 02 00 00 00 FF FF 00 00 00 FF E9 00 00 00 00 00 00 00 00 00 00 00 00 00 00 00 58 00 62 00 05 
 02 A4 00 00 FF E9 03 01 02 00 00 00 FF FF 00 00 00 FF E9 00 00 00 00 00 00 00 00 00 00 00 00 00 00 00 56 00 5F 00 00 
 02 A4 00 00 FF E9 03 01 02 00 00 00 FF FF 00 00 00 FF E9 00 00 00 00 00 00 00 00 00 02 00 00 00 00 00 57 00 5F 00 03 
 02 A4 00 00 FF E9 03 01 02 00 00 00 FF FF 00 00 00 FF E9 00 00 00 00 00 00 00 00 00 00 00 00 00 00 00 55 00 5D 00 FD 
 02 A4 00 00 FF E9 03 01 02 00 00 00 FF FF 00 00 00 FF E9 00 00 00 00 00 00 00 00 00 01 00 00 00 00 00 58 00 62 00 06 
 02 A4 00 00 FF E9 03 01 02 00 00 00 FF FF 00 00 00 FF E9 00 00 00 00 00 00 00 00 00 00 00 00 00 00 00 57 00 5F 00 01 
 02 A4 00 00 FF E9 03 01 02 00 00 00 FF FF 00 00 00 FF E9 00 00 00 00 00 00 00 00 00 03 00 00 00 00 00 56 00 5F 00 03 
 02 A4 00 00 FF E9 03 01 02 00 00 00 FF FF 00 00 00 FF E9 00 00 00 00 00 00 00 00 00 00 00 00 00 00 00 57 00 61 00 03 
 02 A4 00 00 FF E9 03 01 02 00 00 00 FF FF 00 00 00 FF E9 00 00 00 00 00 00 00 00 00 00 00 00 00 00 00 58 00 5E 00 01 
 02 A4 00 00 FF E9 03 01 02 00 00 00 FF FF 00 00 00 FF E9 00 00 00 00 00 00 00 00 00 00 00 00 00 00 00 55 00 5F 00 FF 
 02 A4 00 00 FF E9 03 01 02 00 00 00 FF FF 00 00 00 FF E9 00 00 00 00 00 00 00 00 00 00 00 00 00 00 00 58 00 5F 00 02 
 02 A4 00 00 FF E9 03 01 02 00 00 00 FF FF 00 00 00 FF E9 00 00 00 00 00 00 00 00 00 00 00 00 00 00 00 57 00 5F 00 01 
 02 A4 00 00 FF E9 03 01 02 00 00 00 FF FF 00 00 00 FF E9 00 00 00 00 00 00 00 00 00 00 00 00 00 00 00 54 00 61 00 00 
 02 A4 00 00 FF E9 03 01 02 00 00 00 FF FF 00 00 00 FF E9 00 00 00 00 00 00 00 00 00 00 00 00 00 00 00 57 00 5D 00 FF 
 02 A4 00 00 FF E9 03 01 02 00 00 00 FF FF 00 00 00 FF E9 00 00 00 00 00 00 00 00 00 00 00 00 00 00 00 56 00 5F 00 00 
 02 A4 00 00 FF E9 03 01 02 00 00 00 FF FF 00 00 00 FF E9 00 00 00 00 00 00 00 00 00 00 00 00 00 00 00 58 00 5F 00 02 
 02 A4 00 00 FF E9 03 01 02 00 00 00 FF FF 00 00 00 FF E9 00 00 00 00 00 00 00 00 00 00 00 00 00 00 00 56 00 61 00 02 
 02 A4 00 00 FF E9 03 01 02 00 00 00 FF FF 00 00 00 FF E9 00 00 00 00 00 00 00 00 00 00 00 00 00 00 00 56 00 5E 00 FF 
 02 A4 00 00 FF E9 03 01 02 00 00 00 FF FF 00 00 00 FF E9 00 00 00 00 00 00 00 00 00 00 00 00 00 00 00 56 00 5E 00 FF 
 02 A4 00 00 FF E9 03 01 02 00 00 00 FF FF 00 00 00 FF E9 00 00 00 00 00 00 00 00 00 00 00 00 00 00 00 57 00 61 00 03 
 02 A4 00 00 FF E9 03 01 02 00 00 00 FF FF 00 00 00 FF E9 00 00 00 00 00 00 00 00 00 00 00 00 00 00 00 58 00 60 00 03 
 02 A4 00 00 FF E9 03 01 02 00 00 00 FF FF 00 00 00 FF E9 00 00 00 00 00 00 00 00 00 02 00 00 00 00 00 57 00 5F 00 03 
 02 A4 00 00 FF E9 03 01 02 00 00 00 FF FF 00 00 00 FF E9 00 00 00 00 00 00 00 00 00 00 00 00 00 00 00 56 00 61 00 02 
 02 A4 00 00 FF E9 03 01 02 00 00 00 FF FF 00 00 00 FF E9 00 00 00 00 00 00 00 00 00 00 00 00 00 00 00 56 00 60 00 01 
 02 A4 00 00 FF E9 03 01 02 00 00 00 FF FF 00 00 00 FF E9 00 00 00 00 00 00 00 00 00 00 00 00 00 00 00 59 00 5F 00 03 
 02 A4 00 00 FF E9 03 01 02 00 00 00 FF FF 00 00 00 FF E9 00 00 00 00 00 00 00 00 00 00 00 00 00 00 00 57 00 61 00 03 
 02 A4 00 00 FF E9 03 01 02 00 00 00 FF FF 00 00 00 FF E9 00 00 00 00 00 00 00 00 00 00 00 00 00 00 00 57 00 5F 00 01 
 02 A4 00 00 FF E9 03 01 02 00 00 00 FF FF 00 00 00 FF E9 00 00 00 00 00 00 00 00 00 02 00 00 00 00 00 58 00 5F 00 04 
 02 A4 00 00 FF E9 03 01 02 00 00 00 FF FF 00 00 00 FF E9 00 00 00 00 00 00 00 00 00 00 00 00 00 00 00 58 00 5E 00 01 
 02 A4 00 00 FF E9 03 01 02 00 00 00 FF FF 00 00 00 FF E9 00 00 00 00 00 00 00 00 00 00 00 00 00 00 00 56 00 5F 00 00 
 02 A4 00 00 FF E9 03 01 02 00 00 00 FF FF 00 00 00 FF E9 00 00 00 00 00 00 00 00 00 00 00 00 00 00 00 56 00 5F 00 00 
 02 A4 00 00 FF E9 03 01 02 00 00 00 FF FF 00 00 00 FF E9 00 00 00 00 00 00 00 00 00 00 00 00 00 00 00 57 00 60 00 02 
 02 A4 00 00 FF E9 03 01 02 00 00 00 FF FF 00 00 00 FF E9 00 00 00 00 00 00 00 00 00 00 00 00 00 00 00 56 00 5F 00 00 
 02 A4 00 00 FF E9 03 01 02 00 00 00 FF FF 00 00 00 FF E9 00 00 00 00 00 00 00 00 00 00 00 00 00 00 00 55 00 60 00 00 
 02 A4 00 00 FF E9 03 01 02 00 00 00 FF FF 00 00 00 FF E9 00 00 00 00 00 00 00 00 00 01 00 00 00 00 00 56 00 61 00 03 
 02 A4 00 00 FF E9 03 01 02 00 00 00 FF FF 00 00 00 FF E9 00 00 00 00 00 00 00 00 00 00 00 00 00 00 00 59 00 61 00 05 
 02 A4 00 00 FF E9 03 01 02 00 00 00 FF FF 00 00 00 FF E9 00 00 00 00 00 00 00 00 00 01 00 00 00 00 00 56 00 61 00 03 
 02 A4 00 00 FF E9 03 01 02 00 00 00 FF FF 00 00 00 FF E9 00 00 00 00 00 00 00 00 00 00 00 00 00 00 00 57 00 5E 00 00 
 02 A4 00 00 FF E9 03 01 02 00 00 00 FF FF 00 00 00 FF E9 00 00 00 00 00 00 00 00 00 00 00 00 00 00 00 57 00 61 00 03 
 02 A4 00 00 FF E9 03 01 02 00 00 00 FF FF 00 00 00 FF E9 00 00 00 00 00 00 00 00 00 02 00 00 00 00 00 57 00 5F 00 03 
 02 A4 00 00 FF E9 03 01 02 00 00 00 FF FF 00 00 00 FF E9 00 00 00 00 00 00 00 00 00 00 00 00 00 00 00 59 00 60 00 04 
 02 A4 00 00 FF E9 03 01 02 00 00 00 FF FF 00 00 00 FF E9 00 00 00 00 00 00 00 00 00 00 00 00 00 00 00 58 00 5F 00 02 
 02 A4 00 00 FF E9 03 01 02 00 00 00 FF FF 00 00 00 FF E9 00 00 00 00 00 00 00 00 00 00 00 00 00 00 00 59 00 62 00 06 
 02 A4 00 00 FF E9 03 01 02 00 00 00 FF FF 00 00 00 FF E9 00 00 00 00 00 00 00 00 00 00 00 00 00 00 00 56 00 60 00 01 
 02 A4 00 00 FF E9 03 01 02 00 00 00 FF FF 00 00 00 FF E9 00 00 00 00 00 00 00 00 00 00 00 00 00 00 00 56 00 5F 00 00 
 02 A4 00 00 FF E9 03 01 02 00 00 00 FF FF 00 00 00 FF E9 00 00 00 00 00 00 00 00 00 00 00 00 00 00 00 58 00 5F 00 02 
 02 A4 00 00 FF E9 03 01 02 00 00 00 FF FF 00 00 00 FF E9 00 00 00 00 00 00 00 00 00 00 00 00 00 00 00 56 00 61 00 02 
 02 A4 00 00 FF E9 03 01 02 00 00 00 FF FF 00 00 00 FF E9 00 00 00 00 00 00 00 00 00 00 00 00 00 00 00 56 00 5D 00 FE 
 02 A4 00 00 FF E9 03 01 02 00 00 00 FF FF 00 00 00 FF E9 00 00 00 00 00 00 00 00 00 00 00 00 00 00 00 57 00 5F 00 01 
 02 A4 00 00 FF E9 03 01 02 00 00 00 FF FF 00 00 00 FF E9 00 00 00 00 00 00 00 00 00 00 00 00 00 00 00 57 00 5F 00 01 
 02 A4 00 00 FF E9 03 01 02 00 00 00 FF FF 00 00 00 FF E9 00 00 00 00 00 00 00 00 00 00 00 00 00 00 00 57 00 5F 00 01 
 02 A4 00 00 FF E9 03 01 02 00 00 00 FF FF 00 00 00 FF E9 00 00 00 00 00 00 00 00 00 02 00 00 00 00 00 59 00 61 00 07 
 02 A4 00 00 FF E9 03 01 02 00 00 00 FF FF 00 00 00 FF E9 00 00 00 00 00 00 00 00 00 00 00 00 00 00 00 56 00 61 00 02 
 02 A4 00 00 FF E9 03 01 02 00 00 00 FF FF 00 00 00 FF E9 00 00 00 00 00 00 00 00 00 00 00 00 00 00 00 58 00 60 00 03 
 02 A4 00 00 FF E9 03 01 02 00 00 00 FF FF 00 00 00 FF E9 00 00 00 00 00 00 00 00 00 01 00 00 00 00 00 56 00 5F 00 01 
 02 A4 00 00 FF E9 03 01 02 00 00 00 FF FF 00 00 00 FF E9 00 00 00 00 00 00 00 00 00 00 00 00 00 00 00 57 00 5E 00 00 
 02 A4 00 00 FF E9 03 01 02 00 00 00 FF FF 00 00 00 FF E9 00 00 00 00 00 00 00 00 00 00 00 00 00 00 00 56 00 61 00 02 
 02 A4 00 00 FF E9 03 01 02 00 00 00 FF FF 00 00 00 FF E9 00 00 00 00 00 00 00 00 00 00 00 00 00 00 00 5B 00 5F 00 05 
 02 A4 00 00 FF E9 03 01 02 00 00 00 FF FF 00 00 00 FF E9 00 00 00 00 00 00 00 00 00 00 00 00 00 00 00 58 00 5E 00 01 
 02 A4 00 00 FF E9 03 01 02 00 00 00 FF FF 00 00 00 FF E9 00 00 00 00 00 00 00 00 00 01 00 00 00 00 00 57 00 60 00 03 
 02 A4 00 00 FF E9 03 01 02 00 00 00 FF FF 00 00 00 FF E9 00 00 00 00 00 00 00 00 00 00 00 00 00 00 00 59 00 5F 00 03 
 02 A4 00 00 FF E9 03 01 02 00 00 00 FF FF 00 00 00 FF E9 00 00 00 00 00 00 00 00 00 00 00 00 00 00 00 57 00 5F 00 01 
 02 A4 00 00 FF E9 03 01 02 00 00 00 FF FF 00 00 00 FF E9 00 00 00 00 00 00 00 00 00 00 00 00 00 00 00 58 00 61 00 04 
 02 A4 00 00 FF E9 03 01 02 00 00 00 FF FF 00 00 00 FF E9 00 00 00 00 00 00 00 00 00 00 00 00 00 00 00 58 00 5F 00 02 
 02 A4 00 00 FF E9 03 01 02 00 00 00 FF FF 00 00 00 FF E9 00 00 00 00 00 00 00 00 00 02 00 00 00 00 00 57 00 5E 00 02 
 02 A4 00 00 FF E9 03 01 02 00 00 00 FF FF 00 00 00 FF E9 00 00 00 00 00 00 00 00 00 00 00 00 00 00 00 57 00 5E 00 00 
 02 A4 00 00 FF E9 03 01 02 00 00 00 FF FF 00 00 00 FF E9 00 00 00 00 00 00 00 00 00 00 00 00 00 00 00 5A 00 62 00 07 
 02 A4 00 00 FF E9 03 01 02 00 00 00 FF FF 00 00 00 FF E9 00 00 00 00 00 00 00 00 00 0A 00 00 00 00 00 59 00 62 00 10 
 02 A4 00 00 FF E9 03 01 02 00 00 00 FF FF 00 00 00 FF E9 00 00 00 00 00 00 00 00 00 01 00 00 00 00 00 59 00 61 00 06 
 02 A4 00 00 FF E9 03 01 02 00 00 00 FF FF 00 00 00 FF E9 00 00 00 00 00 00 00 00 00 00 00 00 00 00 00 55 00 5E 00 FE 
 02 A4 00 00 FF E9 03 01 02 00 00 00 FF FF 00 00 00 FF E9 00 00 00 00 00 00 00 00 00 00 00 00 00 00 00 57 00 5F 00 01 
 02 A4 00 00 FF E9 03 01 02 00 00 00 FF FF 00 00 00 FF E9 00 00 00 00 00 00 00 00 00 00 00 00 00 00 00 57 00 5E 00 00 
 02 A4 00 00 FF E9 03 01 02 00 00 00 FF FF 00 00 00 FF E9 00 00 00 00 00 00 00 00 00 00 00 00 00 00 00 59 00 5F 00 03 
 02 A4 00 00 FF E9 03 01 02 00 00 00 FF FF 00 00 00 FF E9 00 00 00 00 00 00 00 00 00 00 00 00 00 00 00 55 00 61 00 01 
 02 A4 00 00 FF E9 03 01 02 00 00 00 FF FF 00 00 00 FF E9 00 00 00 00 00 00 00 00 00 00 00 00 00 00 00 56 00 60 00 01 
 02 A4 00 00 FF E9 03 01 02 00 00 00 FF FF 00 00 00 FF E9 00 00 00 00 00 00 00 00 00 01 00 00 00 00 00 58 00 60 00 04 
 02 A4 00 00 FF E9 03 01 02 00 00 00 FF FF 00 00 00 FF E9 00 00 00 00 00 00 00 00 00 00 00 00 00 00 00 53 00 5B 00 F9 
 02 A4 00 00 FF E9 03 01 02 00 00 00 FF FF 00 00 00 FF E9 00 00 00 00 00 00 00 00 00 00 00 00 00 00 00 58 00 5D 00 00 
 02 A4 00 00 FF E9 03 01 02 00 00 00 FF FF 00 00 00 FF E9 00 00 00 00 00 00 00 00 00 00 00 00 00 00 00 59 00 5E 00 02 
 02 A4 00 00 FF E9 03 01 02 00 00 00 FF FF 00 00 00 FF E9 00 00 00 00 00 00 00 00 00 00 00 00 00 00 00 55 00 5E 00 FE 
 02 A4 00 00 FF E9 03 01 02 00 00 00 FF FF 00 00 00 FF E9 00 00 00 00 00 00 00 00 00 00 00 00 00 00 00 57 00 5F 00 01 
 02 A4 00 00 FF E9 03 01 02 00 00 00 FF FF 00 00 00 FF E9 00 00 00 00 00 00 00 00 00 00 00 00 00 00 00 56 00 5D 00 FE 
 02 A4 00 00 FF E9 03 01 02 00 00 00 FF FF 00 00 00 FF E9 00 00 00 00 00 00 00 00 00 00 00 00 00 00 00 58 00 5F 00 02 
 02 A4 00 00 FF E9 03 01 02 00 00 00 FF FF 00 00 00 FF E9 00 00 00 00 00 00 00 00 00 00 00 00 00 00 00 5A 00 5D 00 02 
 02 A4 00 00 FF E9 03 01 02 00 00 00 FF FF 00 00 00 FF E9 00 00 00 00 00 00 00 00 00 00 00 00 00 00 00 57 00 62 00 04 
 02 A4 00 00 FF E9 03 01 02 00 00 00 FF FF 00 00 00 FF E9 00 00 00 00 00 00 00 00 00 00 00 00 00 00 00 55 00 61 00 01 
 02 A4 00 00 FF E9 03 01 02 00 00 00 FF FF 00 00 00 FF E9 00 00 00 00 00 00 00 00 00 00 00 00 00 00 00 57 00 5D 00 FF 
 02 A4 00 00 FF E9 03 01 02 00 00 00 FF FF 00 00 00 FF E9 00 00 00 00 00 00 00 00 00 00 00 00 00 00 00 56 00 60 00 01 
 02 A4 00 00 FF E9 03 01 02 00 00 00 FF FF 00 00 00 FF E9 00 00 00 00 00 00 00 00 00 00 00 00 00 00 00 58 00 65 00 08 
 02 A4 00 00 FF E9 03 01 02 00 00 00 FF FF 00 00 00 FF E9 00 00 00 00 00 00 00 00 00 01 00 00 00 00 00 57 00 61 00 04 
 02 A4 00 00 FF E9 03 01 02 00 00 00 FF FF 00 00 00 FF E9 00 00 00 00 00 00 00 00 00 00 00 00 00 00 00 58 00 60 00 03 
 02 A4 00 00 FF E9 03 01 02 00 00 00 FF FF 00 00 00 FF E9 00 00 00 00 00 00 00 00 00 00 00 00 00 00 00 54 00 60 00 FF 
 02 A4 00 00 FF E9 03 01 02 00 00 00 FF FF 00 00 00 FF E9 00 00 00 00 00 00 00 00 00 00 00 00 00 00 00 55 00 64 00 04 
 02 A4 00 00 FF E9 03 01 02 00 00 00 FF FF 00 00 00 FF E9 00 00 00 00 00 00 00 00 00 00 00 00 00 00 00 55 00 5D 00 FD 
 02 A4 00 00 FF E9 03 01 02 00 00 00 FF FF 00 00 00 FF E9 00 00 00 00 00 00 00 00 00 00 00 00 00 00 00 55 00 60 00 00 
 02 A4 00 00 FF E9 03 01 02 00 00 00 FF FF 00 00 00 FF E9 00 00 00 00 00 00 00 00 00 00 00 00 00 00 00 57 00 5F 00 01 
 02 A4 00 00 FF E9 03 01 02 00 00 00 FF FF 00 00 00 FF E9 00 00 00 00 00 00 00 00 00 00 00 00 00 00 00 57 00 5D 00 FF 
 02 A4 00 00 FF E9 03 01 02 00 00 00 FF FF 00 00 00 FF E9 00 00 00 00 00 00 00 00 00 00 00 00 00 00 00 58 00 61 00 04 
 02 A4 00 00 FF E9 03 01 02 00 00 00 FF FF 00 00 00 FF E9 00 00 00 00 00 00 00 00 00 00 00 00 00 00 00 56 00 5F 00 00 
 02 A4 00 00 FF E9 03 01 02 00 00 00 FF FF 00 00 00 FF E9 00 00 00 00 00 00 00 00 00 00 00 00 00 00 00 58 00 60 00 03 
 02 A4 00 00 FF E9 03 01 02 00 00 00 FF FF 00 00 00 FF E9 00 00 00 00 00 00 00 00 00 00 00 00 00 00 00 56 00 5F 00 00 
 02 A4 00 00 FF E9 03 01 02 00 00 00 FF FF 00 00 00 FF E9 00 00 00 00 00 00 00 00 00 00 00 00 00 00 00 56 00 5F 00 00 
 02 A4 00 00 FF E9 03 01 02 00 00 00 FF FF 00 00 00 FF E9 00 00 00 00 00 00 00 00 00 00 00 00 00 00 00 55 00 61 00 01 
 02 A4 00 00 FF E9 03 01 02 00 00 00 FF FF 00 00 00 FF E9 00 00 00 00 00 00 00 00 00 00 00 00 00 00 00 53 00 5F 00 FD 
 02 A4 00 00 FF E9 03 01 02 00 00 00 FF FF 00 00 00 FF E9 00 00 00 00 00 00 00 00 00 00 00 00 00 00 00 56 00 5F 00 00 
 02 A4 00 00 FF E9 03 01 02 00 00 00 FF FF 00 00 00 FF E9 00 00 00 00 00 00 00 00 00 00 00 00 00 00 00 59 00 5D 00 01 
 02 A4 00 00 FF E9 03 01 02 00 00 00 FF FF 00 00 00 FF E9 00 00 00 00 00 00 00 00 00 00 00 00 00 00 00 59 00 60 00 04 
 02 A4 00 00 FF E9 03 01 02 00 00 00 FF FF 00 00 00 FF E9 00 00 00 00 00 00 00 00 00 00 00 00 00 00 00 57 00 5D 00 FF 
 02 A4 00 00 FF E9 03 01 02 00 00 00 FF FF 00 00 00 FF E9 00 00 00 00 00 00 00 00 00 01 00 00 00 00 00 58 00 5F 00 03 
 02 A4 00 00 FF E9 03 01 02 00 00 00 FF FF 00 00 00 FF E9 00 00 00 00 00 00 00 00 00 01 00 00 00 00 00 53 00 5F 00 FE 
 02 A4 00 00 FF E9 03 01 02 00 00 00 FF FF 00 00 00 FF E9 00 00 00 00 00 00 00 00 00 00 00 00 00 00 00 58 00 62 00 05 
 02 A4 00 00 FF E9 03 01 02 00 00 00 FF FF 00 00 00 FF E9 00 00 00 00 00 00 00 00 00 00 00 00 00 00 00 55 00 62 00 02 
 02 A4 00 00 FF E9 03 01 02 00 00 00 FF FF 00 00 00 FF E9 00 00 00 00 00 00 00 00 00 00 00 00 00 00 00 52 00 5C 00 F9 
 02 A4 00 00 FF E9 03 01 02 00 00 00 FF FF 00 00 00 FF E9 00 00 00 00 00 00 00 00 00 00 00 00 00 00 00 57 00 61 00 03 
 02 A4 00 00 FF E9 03 01 02 00 00 00 FF FF 00 00 00 FF E9 00 00 00 00 00 00 00 00 00 00 00 00 00 00 00 5A 00 5E 00 03 
 02 A4 00 00 FF E9 03 01 02 00 00 00 FF FF 00 00 00 FF E9 00 00 00 00 00 00 00 00 00 00 00 00 00 00 00 55 00 60 00 00 
 02 A4 00 00 FF E9 03 01 02 00 00 00 FF FF 00 00 00 FF E9 00 00 00 00 00 00 00 00 00 00 00 00 00 00 00 57 00 62 00 04 
 02 A4 00 00 FF E9 03 01 02 00 00 00 FF FF 00 00 00 FF E9 00 00 00 00 00 00 00 00 00 00 00 00 00 00 00 52 00 60 00 FD 
 02 A4 00 00 FF E9 03 01 02 00 00 00 FF FF 00 00 00 FF E9 00 00 00 00 00 00 00 00 00 00 00 00 00 00 00 59 00 60 00 04 
 02 A4 00 00 FF E9 03 01 02 00 00 00 FF FF 00 00 00 FF E9 00 00 00 00 00 00 00 00 00 00 00 00 00 00 00 5B 00 60 00 06 
 02 A4 00 00 FF E9 03 01 02 00 00 00 FF FF 00 00 00 FF E9 00 00 00 00 00 00 00 00 00 00 00 00 00 00 00 57 00 60 00 02 
 02 A4 00 00 FF E9 03 01 02 00 00 00 FF FF 00 00 00 FF E9 00 00 00 00 00 00 00 00 00 00 00 00 00 00 00 5A 00 60 00 05 
 02 A4 00 00 FF E9 03 01 02 00 00 00 FF FF 00 00 00 FF E9 00 00 00 00 00 00 00 00 00 01 00 00 00 00 00 59 00 5F 00 04 
 02 A4 00 00 FF E9 03 01 02 00 00 00 FF FF 00 00 00 FF E9 00 00 00 00 00 00 00 00 00 00 00 00 00 00 00 58 00 5E 00 01 
 02 A4 00 00 FF E9 03 01 02 00 00 00 FF FF 00 00 00 FF E9 00 00 00 00 00 00 00 00 00 00 00 00 00 00 00 56 00 5E 00 FF 
 02 A4 00 00 FF E9 03 01 02 00 00 00 FF FF 00 00 00 FF E9 00 00 00 00 00 00 00 00 00 00 00 00 00 00 00 57 00 5F 00 01 
 02 A4 00 00 FF E9 03 01 02 00 00 00 FF FF 00 00 00 FF E9 00 00 00 00 00 00 00 00 00 00 00 00 00 00 00 54 00 5D 00 FC 
 02 A4 00 00 FF E9 03 01 02 00 00 00 FF FF 00 00 00 FF E9 00 00 00 00 00 00 00 00 00 00 00 00 00 00 00 55 00 62 00 02 
 02 A4 00 00 FF E9 03 01 02 00 00 00 FF FF 00 00 00 FF E9 00 00 00 00 00 00 00 00 00 00 00 00 00 00 00 55 00 62 00 02 
 02 A4 00 00 FF E9 03 01 02 00 00 00 FF FF 00 00 00 FF E9 00 00 00 00 00 00 00 00 00 00 00 00 00 00 00 57 00 60 00 02 
 02 A4 00 00 FF E9 03 01 02 00 00 00 FF FF 00 00 00 FF E9 00 00 00 00 00 00 00 00 00 00 00 00 00 00 00 55 00 5D 00 FD 
 02 A4 00 00 FF E9 03 01 02 00 00 00 FF FF 00 00 00 FF E9 00 00 00 00 00 00 00 00 00 00 00 00 00 00 00 59 00 60 00 04 
 02 A4 00 00 FF E9 03 01 02 00 00 00 FF FF 00 00 00 FF E9 00 00 00 00 00 00 00 00 00 00 00 00 00 00 00 51 00 5A 00 F6 
 02 A4 00 00 FF E9 03 01 02 00 00 00 FF FF 00 00 00 FF E9 00 00 00 00 00 00 00 00 00 00 00 00 00 00 00 58 00 60 00 03 
 02 A4 00 00 FF E9 03 01 02 00 00 00 FF FF 00 00 00 FF E9 00 00 00 00 00 00 00 00 00 00 00 00 00 00 00 58 00 67 00 0A 
 02 A4 00 00 FF E9 03 01 02 00 00 00 FF FF 00 00 00 FF E9 00 00 00 00 00 00 00 00 00 00 00 00 00 00 00 58 00 61 00 04 
 02 A4 00 00 FF E9 03 01 02 00 00 00 FF FF 00 00 00 FF E9 00 00 00 00 00 00 00 00 00 00 00 00 00 00 00 5A 00 67 00 0C 
 02 A4 00 00 FF E9 03 01 02 00 00 00 FF FF 00 00 00 FF E9 00 00 00 00 00 00 00 00 00 00 00 00 00 00 00 55 00 5F 00 FF 
 02 A4 00 00 FF E9 03 01 02 00 00 00 FF FF 00 00 00 FF E9 00 00 00 00 00 00 00 00 00 00 00 00 00 00 00 5A 00 5F 00 04 
 02 A4 00 00 FF E9 03 01 02 00 00 00 FF FF 00 00 00 FF E9 00 00 00 00 00 00 00 00 00 00 00 00 00 00 00 56 00 62 00 03 
 02 A4 00 00 FF E9 03 01 02 00 00 00 FF FF 00 00 00 FF E9 00 00 00 00 00 00 00 00 00 00 00 00 00 00 00 56 00 5E 00 FF 
 02 A4 00 00 FF E9 03 01 02 00 00 00 FF FF 00 00 00 FF E9 00 00 00 00 00 00 00 00 00 00 00 00 00 00 00 57 00 65 00 07 
 02 A4 00 00 FF E9 03 01 02 00 00 00 FF FF 00 00 00 FF E9 00 00 00 00 00 00 00 00 00 00 00 00 00 00 00 56 00 60 00 01 
 02 A4 00 00 FF E9 03 01 02 00 00 00 FF FF 00 00 00 FF E9 00 00 00 00 00 00 00 00 00 00 00 00 00 00 00 59 00 61 00 05 
 02 A4 00 00 FF E9 03 01 02 00 00 00 FF FF 00 00 00 FF E9 00 00 00 00 00 00 00 00 00 00 00 00 00 00 00 5A 00 60 00 05 
 02 A4 00 00 FF E9 03 01 02 00 00 00 FF FF 00 00 00 FF E9 00 00 00 00 00 00 00 00 00 00 00 00 00 00 00 59 00 60 00 04 
 02 A4 00 00 FF E9 03 01 02 00 00 00 FF FF 00 00 00 FF E9 00 00 00 00 00 00 00 00 00 00 00 00 00 00 00 59 00 59 00 FD 
 02 A4 00 00 FF E9 03 01 02 00 00 00 FF FF 00 00 00 FF E9 00 00 00 00 00 00 00 00 00 00 00 00 00 00 00 56 00 5F 00 00 
 02 A4 00 00 FF E9 03 01 02 00 00 00 FF FF 00 00 00 FF E9 00 00 00 00 00 00 00 00 00 00 00 00 00 00 00 5E 00 62 00 0B 
 02 A4 00 00 FF E9 03 01 02 00 00 00 FF FF 00 00 00 FF E9 00 00 00 00 00 00 00 00 00 00 00 00 00 00 00 56 00 61 00 02 
 02 A4 00 00 FF E9 03 01 02 00 00 00 FF FF 00 00 00 FF E9 00 00 00 00 00 00 00 00 00 00 00 00 00 00 00 55 00 5F 00 FF 
 02 A4 00 00 FF E9 03 01 02 00 00 00 FF FF 00 00 00 FF E9 00 00 00 00 00 00 00 00 00 00 00 00 00 00 00 59 00 61 00 05 
 02 A4 00 00 FF E9 03 01 02 00 00 00 FF FF 00 00 00 FF E9 00 00 00 00 00 00 00 00 00 00 00 00 00 00 00 5B 00 61 00 07 
 02 A4 00 00 FF E9 03 01 02 00 00 00 FF FF 00 00 00 FF E9 00 00 00 00 00 00 00 00 00 00 00 00 00 00 00 57 00 5E 00 00 
 02 A4 00 00 FF E9 03 01 02 00 00 00 FF FF 00 00 00 FF E9 00 00 00 00 00 00 00 00 00 00 00 00 00 00 00 56 00 61 00 02 
 02 A4 00 00 FF E9 03 01 02 00 00 00 FF FF 00 00 00 FF E9 00 00 00 00 00 00 00 00 00 00 00 00 00 00 00 56 00 61 00 02 
 02 A4 00 00 FF E9 03 01 02 00 00 00 FF FF 00 00 00 FF E9 00 00 00 00 00 00 00 00 00 00 00 00 00 00 00 56 00 5F 00 00 
 02 A4 00 00 FF E9 03 01 02 00 00 00 FF FF 00 00 00 FF E9 00 00 00 00 00 00 00 00 00 00 00 00 00 00 00 57 00 5F 00 01 
 02 A4 00 00 FF E9 03 01 02 00 00 00 FF FF 00 00 00 FF E9 00 00 00 00 00 00 00 00 00 00 00 00 00 00 00 58 00 60 00 03 
 02 A4 00 00 FF E9 03 01 02 00 00 00 FF FF 00 00 00 FF E9 00 00 00 00 00 00 00 00 00 00 00 00 00 00 00 58 00 62 00 05 
 02 A4 00 00 FF E9 03 01 02 00 00 00 FF FF 00 00 00 FF E9 00 00 00 00 00 00 00 00 00 00 00 00 00 00 00 59 00 61 00 05 
 02 A4 00 00 FF E9 03 01 02 00 00 00 FF FF 00 00 00 FF E9 00 00 00 00 00 00 00 00 00 02 00 00 00 00 00 59 00 5F 00 05 
 02 A4 00 00 FF E9 03 01 02 00 00 00 FF FF 00 00 00 FF E9 00 00 00 00 00 00 00 00 00 00 00 00 00 00 00 56 00 5F 00 00 
 02 A4 00 00 FF E9 03 01 02 00 00 00 FF FF 00 00 00 FF E9 00 00 00 00 00 00 00 00 00 00 00 00 00 00 00 59 00 5E 00 02 
 02 A4 00 00 FF E9 03 01 02 00 00 00 FF FF 00 00 00 FF E9 00 00 00 00 00 00 00 00 00 00 00 00 00 00 00 54 00 5D 00 FC 
 02 A4 00 00 FF E9 03 01 02 00 00 00 FF FF 00 00 00 FF E9 00 00 00 00 00 00 00 00 00 00 00 00 00 00 00 57 00 5F 00 01 
 02 A4 00 00 FF E9 03 01 02 00 00 00 FF FF 00 00 00 FF E9 00 00 00 00 00 00 00 00 00 00 00 00 00 00 00 57 00 5E 00 00 
 02 A4 00 00 FF E9 03 01 02 00 00 00 FF FF 00 00 00 FF E9 00 00 00 00 00 00 00 00 00 01 00 00 00 00 00 58 00 63 00 07 
 02 A4 00 00 FF E9 03 01 02 00 00 00 FF FF 00 00 00 FF E9 00 00 00 00 00 00 00 00 00 00 00 00 00 00 00 57 00 5F 00 01 
 02 A4 00 00 FF E9 03 01 02 00 00 00 FF FF 00 00 00 FF E9 00 00 00 00 00 00 00 00 00 01 00 00 00 00 00 57 00 5F 00 02 
 02 A4 00 00 FF E9 03 01 02 00 00 00 FF FF 00 00 00 FF E9 00 00 00 00 00 00 00 00 00 00 00 00 00 00 00 57 00 5F 00 01 
 02 A4 00 00 FF E9 03 01 02 00 00 00 FF FF 00 00 00 FF E9 00 00 00 00 00 00 00 00 00 00 00 00 00 00 00 58 00 5E 00 01 
 02 A4 00 00 FF E9 03 01 02 00 00 00 FF FF 00 00 00 FF E9 00 00 00 00 00 00 00 00 00 01 00 00 00 00 00 59 00 61 00 06 
 02 A4 00 00 FF E9 03 01 02 00 00 00 FF FF 00 00 00 FF E9 00 00 00 00 00 00 00 00 00 00 00 00 00 00 00 56 00 61 00 02 
 02 A4 00 00 FF E9 03 01 02 00 00 00 FF FF 00 00 00 FF E9 00 00 00 00 00 00 00 00 00 00 00 00 00 00 00 59 00 5E 00 02 
 02 A4 00 00 FF E9 03 01 02 00 00 00 FF FF 00 00 00 FF E9 00 00 00 00 00 00 00 00 00 00 00 00 00 00 00 59 00 5F 00 03 
 02 A4 00 00 FF E9 03 01 02 00 00 00 FF FF 00 00 00 FF E9 00 00 00 00 00 00 00 00 00 00 00 00 00 00 00 5A 00 5F 00 04 
 02 A4 00 00 FF E9 03 01 02 00 00 00 FF FF 00 00 00 FF E9 00 00 00 00 00 00 00 00 00 00 00 00 00 00 00 54 00 60 00 FF 
 02 A4 00 00 FF E9 03 01 02 00 00 00 FF FF 00 00 00 FF E9 00 00 00 00 00 00 00 00 00 01 00 00 00 00 00 56 00 5C 00 FE 
 02 A4 00 00 FF E9 03 01 02 00 00 00 FF FF 00 00 00 FF E9 00 00 00 00 00 00 00 00 00 00 00 00 00 00 00 55 00 61 00 01 
 02 A4 00 00 FF E9 03 01 02 00 00 00 FF FF 00 00 00 FF E9 00 00 00 00 00 00 00 00 00 00 00 00 00 00 00 5C 00 67 00 0E 
 02 A4 00 00 FF E9 03 01 02 00 00 00 FF FF 00 00 00 FF E9 00 00 00 00 00 00 00 00 00 01 00 00 00 00 00 5A 00 63 00 09 
 02 A4 00 00 FF E9 03 01 02 00 00 00 FF FF 00 00 00 FF E9 00 00 00 00 00 00 00 00 00 00 00 00 00 00 00 58 00 5E 00 01 
 02 A4 00 00 FF E9 03 01 02 00 00 00 FF FF 00 00 00 FF E9 00 00 00 00 00 00 00 00 00 02 00 00 00 00 00 57 00 5E 00 02 
 02 A4 00 00 FF E9 03 01 02 00 00 00 FF FF 00 00 00 FF E9 00 00 00 00 00 00 00 00 00 00 00 00 00 00 00 57 00 61 00 03 
 02 A4 00 00 FF E9 03 01 02 00 00 00 FF FF 00 00 00 FF E9 00 00 00 00 00 00 00 00 00 00 00 00 00 00 00 59 00 60 00 04 
 02 A4 00 00 FF E9 03 01 02 00 00 00 FF FF 00 00 00 FF E9 00 00 00 00 00 00 00 00 00 00 00 00 00 00 00 57 00 63 00 05 
 02 A4 00 00 FF E9 03 01 02 00 00 00 FF FF 00 00 00 FF E9 00 00 00 00 00 00 00 00 00 00 00 00 00 00 00 55 00 60 00 00 
 02 A4 00 00 FF E9 03 01 02 00 00 00 FF FF 00 00 00 FF E9 00 00 00 00 00 00 00 00 00 00 00 00 00 00 00 59 00 5F 00 03 
 02 A4 00 00 FF E9 03 01 02 00 00 00 FF FF 00 00 00 FF E9 00 00 00 00 00 00 00 00 00 00 00 00 00 00 00 56 00 5F 00 00 
 02 A4 00 00 FF E9 03 01 02 00 00 00 FF FF 00 00 00 FF E9 00 00 00 00 00 00 00 00 00 00 00 00 00 00 00 53 00 62 00 00 
 02 A4 00 00 FF E9 03 01 02 00 00 00 FF FF 00 00 00 FF E9 00 00 00 00 00 00 00 00 00 00 00 00 00 00 00 59 00 64 00 08 
 02 A4 00 00 FF E9 03 01 02 00 00 00 FF FF 00 00 00 FF E9 00 00 00 00 00 00 00 00 00 00 00 00 00 00 00 56 00 5F 00 00 
 02 A4 00 00 FF E9 03 01 02 00 00 00 FF FF 00 00 00 FF E9 00 00 00 00 00 00 00 00 00 00 00 00 00 00 00 54 00 5C 00 FB 
 02 A4 00 00 FF E9 03 01 02 00 00 00 FF FF 00 00 00 FF E9 00 00 00 00 00 00 00 00 00 00 00 00 00 00 00 57 00 62 00 04 
 02 A4 00 00 FF E9 03 01 02 00 00 00 FF FF 00 00 00 FF E9 00 00 00 00 00 00 00 00 00 00 00 00 00 00 00 58 00 5F 00 02 
 02 A4 00 00 FF E9 03 01 02 00 00 00 FF FF 00 00 00 FF E9 00 00 00 00 00 00 00 00 00 01 00 00 00 00 00 56 00 5F 00 01 
 02 A4 00 00 FF E9 03 01 02 00 00 00 FF FF 00 00 00 FF E9 00 00 00 00 00 00 00 00 00 00 00 00 00 00 00 58 00 5E 00 01 
 02 A4 00 00 FF E9 03 01 02 00 00 00 FF FF 00 00 00 FF E9 00 00 00 00 00 00 00 00 00 00 00 00 00 00 00 55 00 61 00 01 
 02 A4 00 00 FF E9 03 01 02 00 00 00 FF FF 00 00 00 FF E9 00 00 00 00 00 00 00 00 00 00 00 00 00 00 00 5F 00 67 00 11 
 02 A4 00 00 FF E9 03 01 02 00 00 00 FF FF 00 00 00 FF E9 00 00 00 00 00 00 00 00 00 00 00 00 00 00 00 55 00 60 00 00 
 02 A4 00 00 FF E9 03 01 02 00 00 00 FF FF 00 00 00 FF E9 00 00 00 00 00 00 00 00 00 00 00 00 00 00 00 59 00 5F 00 03 
 02 A4 00 00 FF E9 03 01 02 00 00 00 FF FF 00 00 00 FF E9 00 00 00 00 00 00 00 00 00 00 00 00 00 00 00 55 00 5E 00 FE 
 02 A4 00 00 FF E9 03 01 02 00 00 00 FF FF 00 00 00 FF E9 00 00 00 00 00 00 00 00 00 00 00 00 00 00 00 57 00 5E 00 00 
 02 A4 00 00 FF E9 03 01 02 00 00 00 FF FF 00 00 00 FF E9 00 00 00 00 00 00 00 00 00 00 00 00 00 00 00 59 00 63 00 07 
 02 A4 00 00 FF E9 03 01 02 00 00 00 FF FF 00 00 00 FF E9 00 00 00 00 00 00 00 00 00 02 00 00 00 00 00 57 00 61 00 05 
 02 A4 00 00 FF E9 03 01 02 00 00 00 FF FF 00 00 00 FF E9 00 00 00 00 00 00 00 00 00 00 00 00 00 00 00 56 00 61 00 02 
 02 A4 00 00 FF E9 03 01 02 00 00 00 FF FF 00 00 00 FF E9 00 00 00 00 00 00 00 00 00 00 00 00 00 00 00 57 00 64 00 06 
 02 A4 00 00 FF E9 03 01 02 00 00 00 FF FF 00 00 00 FF E9 00 00 00 00 00 00 00 00 00 01 00 00 00 00 00 58 00 60 00 04 
 02 A4 00 00 FF E9 03 01 02 00 00 00 FF FF 00 00 00 FF E9 00 00 00 00 00 00 00 00 00 00 00 00 00 00 00 57 00 65 00 07 
 02 A4 00 00 FF E9 03 01 02 00 00 00 FF FF 00 00 00 FF E9 00 00 00 00 00 00 00 00 00 00 00 00 00 00 00 58 00 60 00 03 
 02 A4 00 00 FF E9 03 01 02 00 00 00 FF FF 00 00 00 FF E9 00 00 00 00 00 00 00 00 00 00 00 00 00 00 00 59 00 5D 00 01 
 02 A4 00 00 FF E9 03 01 02 00 00 00 FF FF 00 00 00 FF E9 00 00 00 00 00 00 00 00 00 00 00 00 00 00 00 58 00 60 00 03 
 02 A4 00 00 FF E9 03 01 02 00 00 00 FF FF 00 00 00 FF E9 00 00 00 00 00 00 00 00 00 00 00 00 00 00 00 53 00 5F 00 FD 
 02 A4 00 00 FF E9 03 01 02 00 00 00 FF FF 00 00 00 FF E9 00 00 00 00 00 00 00 00 00 00 00 00 00 00 00 58 00 5F 00 02 
 02 A4 00 00 FF E9 03 01 02 00 00 00 FF FF 00 00 00 FF E9 00 00 00 00 00 00 00 00 00 00 00 00 00 00 00 56 00 5F 00 00 
 02 A4 00 00 FF E9 03 01 02 00 00 00 FF FF 00 00 00 FF E9 00 00 00 00 00 00 00 00 00 00 00 00 00 00 00 54 00 5F 00 FE 
 02 A4 00 00 FF E9 03 01 02 00 00 00 FF FF 00 00 00 FF E9 00 00 00 00 00 00 00 00 00 00 00 00 00 00 00 59 00 5F 00 03 
 02 A4 00 00 FF E9 03 01 02 00 00 00 FF FF 00 00 00 FF E9 00 00 00 00 00 00 00 00 00 03 00 00 00 00 00 56 00 62 00 06 
 02 A4 00 00 FF E9 03 01 02 00 00 00 FF FF 00 00 00 FF E9 00 00 00 00 00 00 00 00 00 00 00 00 00 00 00 55 00 62 00 02 
 02 A4 00 00 FF E9 03 01 02 00 00 00 FF FF 00 00 00 FF E9 00 00 00 00 00 00 00 00 00 02 00 00 00 00 00 56 00 5E 00 01 
 02 A4 00 00 FF E9 03 01 02 00 00 00 FF FF 00 00 00 FF E9 00 00 00 00 00 00 00 00 00 00 00 00 00 00 00 54 00 5D 00 FC 
 02 A4 00 00 FF E9 03 01 02 00 00 00 FF FF 00 00 00 FF E9 00 00 00 00 00 00 00 00 00 00 00 00 00 00 00 57 00 5E 00 00 
 02 A4 00 00 FF E9 03 01 02 00 00 00 FF FF 00 00 00 FF E9 00 00 00 00 00 00 00 00 00 00 00 00 00 00 00 57 00 5F 00 01 
 02 A4 00 00 FF E9 03 01 02 00 00 00 FF FF 00 00 00 FF E9 00 00 00 00 00 00 00 00 00 00 00 00 00 00 00 56 00 5F 00 00 
 02 A4 00 00 FF E9 03 01 02 00 00 00 FF FF 00 00 00 FF E9 00 00 00 00 00 00 00 00 00 00 00 00 00 00 00 58 00 5F 00 02 
 02 A4 00 00 FF E9 03 01 02 00 00 00 FF FF 00 00 00 FF E9 00 00 00 00 00 00 00 00 00 01 00 00 00 00 00 56 00 62 00 04 
 02 A4 00 00 FF E9 03 01 02 00 00 00 FF FF 00 00 00 FF E9 00 00 00 00 00 00 00 00 00 00 00 00 00 00 00 57 00 5E 00 00 
 02 A4 00 00 FF E9 03 01 02 00 00 00 FF FF 00 00 00 FF E9 00 00 00 00 00 00 00 00 00 00 00 00 00 00 00 5F 00 69 00 13 
 02 A4 00 00 FF E9 03 01 02 00 00 00 FF FF 00 00 00 FF E9 00 00 00 00 00 00 00 00 00 00 00 00 00 00 00 52 00 5B 00 F8 
 02 A4 00 00 FF E9 03 01 02 00 00 00 FF FF 00 00 00 FF E9 00 00 00 00 00 00 00 00 00 00 00 00 00 00 00 57 00 60 00 02 
 02 A4 00 00 FF E9 03 01 02 00 00 00 FF FF 00 00 00 FF E9 00 00 00 00 00 00 00 00 00 02 00 00 00 00 00 57 00 5F 00 03 
 02 A4 00 00 FF E9 03 01 02 00 00 00 FF FF 00 00 00 FF E9 00 00 00 00 00 00 00 00 00 00 00 00 00 00 00 58 00 61 00 04 
 02 A4 00 00 FF E9 03 01 02 00 00 00 FF FF 00 00 00 FF E9 00 00 00 00 00 00 00 00 00 01 00 00 00 00 00 56 00 60 00 02 
 02 A4 00 00 FF E9 03 01 02 00 00 00 FF FF 00 00 00 FF E9 00 00 00 00 00 00 00 00 00 00 00 00 00 00 00 57 00 5F 00 01 
 02 A4 00 00 FF E9 03 01 02 00 00 00 FF FF 00 00 00 FF E9 00 00 00 00 00 00 00 00 00 01 00 00 00 00 00 56 00 61 00 03 
 02 A4 00 00 FF E9 03 01 02 00 00 00 FF FF 00 00 00 FF E9 00 00 00 00 00 00 00 00 00 00 00 00 00 00 00 58 00 60 00 03 
 02 A4 00 00 FF E9 03 01 02 00 00 00 FF FF 00 00 00 FF E9 00 00 00 00 00 00 00 00 00 00 00 00 00 00 00 56 00 5E 00 FF 
 02 A4 00 00 FF E9 03 01 02 00 00 00 FF FF 00 00 00 FF E9 00 00 00 00 00 00 00 00 00 00 00 00 00 00 00 59 00 63 00 07 
 02 A4 00 00 FF E9 03 01 02 00 00 00 FF FF 00 00 00 FF E9 00 00 00 00 00 00 00 00 00 00 00 00 00 00 00 57 00 61 00 03 
 02 A4 00 00 FF E9 03 01 02 00 00 00 FF FF 00 00 00 FF E9 00 00 00 00 00 00 00 00 00 00 00 00 00 00 00 57 00 5F 00 01 
 02 A4 00 00 FF E9 03 01 02 00 00 00 FF FF 00 00 00 FF E9 00 00 00 00 00 00 00 00 00 02 00 00 00 00 00 58 00 5F 00 04 
 02 A4 00 00 FF E9 03 01 02 00 00 00 FF FF 00 00 00 FF E9 00 00 00 00 00 00 00 00 00 00 00 00 00 00 00 54 00 5F 00 FE 
 02 A4 00 00 FF E9 03 01 02 00 00 00 FF FF 00 00 00 FF E9 00 00 00 00 00 00 00 00 00 01 00 00 00 00 00 55 00 61 00 02 
 02 A4 00 00 FF E9 03 01 02 00 00 00 FF FF 00 00 00 FF E9 00 00 00 00 00 00 00 00 00 00 00 00 00 00 00 59 00 62 00 06 
 02 A4 00 00 FF E9 03 01 02 00 00 00 FF FF 00 00 00 FF E9 00 00 00 00 00 00 00 00 00 00 00 00 00 00 00 58 00 62 00 05 
 02 A4 00 00 FF E9 03 01 02 00 00 00 FF FF 00 00 00 FF E9 00 00 00 00 00 00 00 00 00 00 00 00 00 00 00 59 00 61 00 05 
 02 A4 00 00 FF E9 03 01 02 00 00 00 FF FF 00 00 00 FF E9 00 00 00 00 00 00 00 00 00 00 00 00 00 00 00 53 00 5E 00 FC 
 02 A4 00 00 FF E9 03 01 02 00 00 00 FF FF 00 00 00 FF E9 00 00 00 00 00 00 00 00 00 00 00 00 00 00 00 57 00 61 00 03 
 02 A4 00 00 FF E9 03 01 02 00 00 00 FF FF 00 00 00 FF E9 00 00 00 00 00 00 00 00 00 00 00 00 00 00 00 55 00 5F 00 FF 
 02 A4 00 00 FF E9 03 01 02 00 00 00 FF FF 00 00 00 FF E9 00 00 00 00 00 00 00 00 00 00 00 00 00 00 00 59 00 5D 00 01 
 02 A4 00 00 FF E9 03 01 02 00 00 00 FF FF 00 00 00 FF E9 00 00 00 00 00 00 00 00 00 00 00 00 00 00 00 55 00 5F 00 FF 
 02 A4 00 00 FF E9 03 01 02 00 00 00 FF FF 00 00 00 FF E9 00 00 00 00 00 00 00 00 00 00 00 00 00 00 00 59 00 5E 00 02 
 02 A4 00 00 FF E9 03 01 02 00 00 00 FF FF 00 00 00 FF E9 00 00 00 00 00 00 00 00 00 01 00 00 00 00 00 56 00 5D 00 FF 
 02 A4 00 00 FF E9 03 01 02 00 00 00 FF FF 00 00 00 FF E9 00 00 00 00 00 00 00 00 00 00 00 00 00 00 00 57 00 5D 00 FF 
 02 A4 00 00 FF E9 03 01 02 00 00 00 FF FF 00 00 00 FF E9 00 00 00 00 00 00 00 00 00 00 00 00 00 00 00 54 00 61 00 00 
 02 A4 00 00 FF E9 03 01 02 00 00 00 FF FF 00 00 00 FF E9 00 00 00 00 00 00 00 00 00 00 00 00 00 00 00 56 00 62 00 03 
 02 A4 00 00 FF E9 03 01 02 00 00 00 FF FF 00 00 00 FF E9 00 00 00 00 00 00 00 00 00 00 00 00 00 00 00 5C 00 63 00 0A 
 02 A4 00 00 FF E9 03 01 02 00 00 00 FF FF 00 00 00 FF E9 00 00 00 00 00 00 00 00 00 00 00 00 00 00 00 56 00 5E 00 FF 
 02 A4 00 00 FF E9 03 01 02 00 00 00 FF FF 00 00 00 FF E9 00 00 00 00 00 00 00 00 00 00 00 00 00 00 00 57 00 5B 00 FD 
 02 A4 00 00 FF E9 03 01 02 00 00 00 FF FF 00 00 00 FF E9 00 00 00 00 00 00 00 00 00 00 00 00 00 00 00 56 00 5F 00 00 
 02 A4 00 00 FF E9 03 01 02 00 00 00 FF FF 00 00 00 FF E9 00 00 00 00 00 00 00 00 00 00 00 00 00 00 00 58 00 5F 00 02 
 02 A4 00 00 FF E9 03 01 02 00 00 00 FF FF 00 00 00 FF E9 00 00 00 00 00 00 00 00 00 01 00 00 00 00 00 57 00 5F 00 02 
 02 A4 00 00 FF E9 03 01 02 00 00 00 FF FF 00 00 00 FF E9 00 00 00 00 00 00 00 00 00 00 00 00 00 00 00 59 00 5E 00 02 
 02 A4 00 00 FF E9 03 01 02 00 00 00 FF FF 00 00 00 FF E9 00 00 00 00 00 00 00 00 00 00 00 00 00 00 00 52 00 5F 00 FC 
 02 A4 00 00 FF E9 03 01 02 00 00 00 FF FF 00 00 00 FF E9 00 00 00 00 00 00 00 00 00 02 00 00 00 00 00 58 00 5F 00 04 
 02 A4 00 00 FF E9 03 01 02 00 00 00 FF FF 00 00 00 FF E9 00 00 00 00 00 00 00 00 00 00 00 00 00 00 00 57 00 5D 00 FF 
 02 A4 00 00 FF E9 03 01 02 00 00 00 FF FF 00 00 00 FF E9 00 00 00 00 00 00 00 00 00 00 00 00 00 00 00 56 00 5F 00 00 
 02 A4 00 00 FF E9 03 01 02 00 00 00 FF FF 00 00 00 FF E9 00 00 00 00 00 00 00 00 00 00 00 00 00 00 00 5C 00 5F 00 06 
 02 A4 00 00 FF E9 03 01 02 00 00 00 FF FF 00 00 00 FF E9 00 00 00 00 00 00 00 00 00 00 00 00 00 00 00 59 00 66 00 0A 
 02 A4 00 00 FF E9 03 01 02 00 00 00 FF FF 00 00 00 FF E9 00 00 00 00 00 00 00 00 00 01 00 00 00 00 00 56 00 5F 00 01 
 02 A4 00 00 FF E9 03 01 02 00 00 00 FF FF 00 00 00 FF E9 00 00 00 00 00 00 00 00 00 00 00 00 00 00 00 59 00 5F 00 03 
 02 A4 00 00 FF E9 03 01 02 00 00 00 FF FF 00 00 00 FF E9 00 00 00 00 00 00 00 00 00 00 00 00 00 00 00 57 00 61 00 03 
 02 A4 00 00 FF E9 03 01 02 00 00 00 FF FF 00 00 00 FF E9 00 00 00 00 00 00 00 00 00 00 00 00 00 00 00 58 00 5F 00 02 
 02 A4 00 00 FF E9 03 01 02 00 00 00 FF FF 00 00 00 FF E9 00 00 00 00 00 00 00 00 00 01 00 00 00 00 00 56 00 5F 00 01 
 02 A4 00 00 FF E9 03 01 02 00 00 00 FF FF 00 00 00 FF E9 00 00 00 00 00 00 00 00 00 00 00 00 00 00 00 58 00 61 00 04 
 02 A4 00 00 FF E9 03 01 02 00 00 00 FF FF 00 00 00 FF E9 00 00 00 00 00 00 00 00 00 00 00 00 00 00 00 57 00 5F 00 01 
 02 A4 00 00 FF E9 03 01 02 00 00 00 FF FF 00 00 00 FF E9 00 00 00 00 00 00 00 00 00 01 00 00 00 00 00 59 00 61 00 06 
 02 A4 00 00 FF E9 03 01 02 00 00 00 FF FF 00 00 00 FF E9 00 00 00 00 00 00 00 00 00 00 00 00 00 00 00 56 00 61 00 02 
 02 A4 00 00 FF E9 03 01 02 00 00 00 FF FF 00 00 00 FF E9 00 00 00 00 00 00 00 00 00 00 00 00 00 00 00 5B 00 5F 00 05 
 02 A4 00 00 FF E9 03 01 02 00 00 00 FF FF 00 00 00 FF E9 00 00 00 00 00 00 00 00 00 00 00 00 00 00 00 57 00 61 00 03 
 02 A4 00 00 FF E9 03 01 02 00 00 00 FF FF 00 00 00 FF E9 00 00 00 00 00 00 00 00 00 00 00 00 00 00 00 58 00 61 00 04 
 02 A4 00 00 FF E9 03 01 02 00 00 00 FF FF 00 00 00 FF E9 00 00 00 00 00 00 00 00 00 00 00 00 00 00 00 58 00 5E 00 01 
 02 A4 00 00 FF E9 03 01 02 00 00 00 FF FF 00 00 00 FF E9 00 00 00 00 00 00 00 00 00 02 00 00 00 00 00 5A 00 63 00 0A 
 02 A4 00 00 FF E9 03 01 02 00 00 00 FF FF 00 00 00 FF E9 00 00 00 00 00 00 00 00 00 00 00 00 00 00 00 5A 00 60 00 05 
 02 A4 00 00 FF E9 03 01 02 00 00 00 FF FF 00 00 00 FF E9 00 00 00 00 00 00 00 00 00 00 00 00 00 00 00 57 00 60 00 02 
 02 A4 00 00 FF E9 03 01 02 00 00 00 FF FF 00 00 00 FF E9 00 00 00 00 00 00 00 00 00 00 00 00 00 00 00 56 00 60 00 01 
 02 A4 00 00 FF E9 03 01 02 00 00 00 FF FF 00 00 00 FF E9 00 00 00 00 00 00 00 00 00 00 00 00 00 00 00 54 00 5F 00 FE 
 02 A4 00 00 FF E9 03 01 02 00 00 00 FF FF 00 00 00 FF E9 00 00 00 00 00 00 00 00 00 00 00 00 00 00 00 55 00 62 00 02 
 02 A4 00 00 FF E9 03 01 02 00 00 00 FF FF 00 00 00 FF E9 00 00 00 00 00 00 00 00 00 01 00 00 00 00 00 57 00 61 00 04 
 02 A4 00 00 FF E9 03 01 02 00 00 00 FF FF 00 00 00 FF E9 00 00 00 00 00 00 00 00 00 00 00 00 00 00 00 57 00 5E 00 00 
 02 A4 00 00 FF E9 03 01 02 00 00 00 FF FF 00 00 00 FF E9 00 00 00 00 00 00 00 00 00 00 00 00 00 00 00 56 00 62 00 03 
 02 A4 00 00 FF E9 03 01 02 00 00 00 FF FF 00 00 00 FF E9 00 00 00 00 00 00 00 00 00 00 00 00 00 00 00 57 00 5D 00 FF 
 02 A4 00 00 FF E9 03 01 02 00 00 00 FF FF 00 00 00 FF E9 00 00 00 00 00 00 00 00 00 00 00 00 00 00 00 57 00 61 00 03 
 02 A4 00 00 FF E9 03 01 02 00 00 00 FF FF 00 00 00 FF E9 00 00 00 00 00 00 00 00 00 00 00 00 00 00 00 55 00 62 00 02 
 02 A4 00 00 FF E9 03 01 02 00 00 00 FF FF 00 00 00 FF E9 00 00 00 00 00 00 00 00 00 00 00 00 00 00 00 56 00 5F 00 00 
 02 A4 00 00 FF E9 03 01 02 00 00 00 FF FF 00 00 00 FF E9 00 00 00 00 00 00 00 00 00 00 00 00 00 00 00 55 00 5F 00 FF 
 02 A4 00 00 FF E9 03 01 02 00 00 00 FF FF 00 00 00 FF E9 00 00 00 00 00 00 00 00 00 01 00 00 00 00 00 59 00 62 00 07 
 02 A4 00 00 FF E9 03 01 02 00 00 00 FF FF 00 00 00 FF E9 00 00 00 00 00 00 00 00 00 00 00 00 00 00 00 59 00 5F 00 03 
 02 A4 00 00 FF E9 03 01 02 00 00 00 FF FF 00 00 00 FF E9 00 00 00 00 00 00 00 00 00 00 00 00 00 00 00 5E 00 64 00 0D 
 02 A4 00 00 FF E9 03 01 02 00 00 00 FF FF 00 00 00 FF E9 00 00 00 00 00 00 00 00 00 00 00 00 00 00 00 56 00 5E 00 FF 
 02 A4 00 00 FF E9 03 01 02 00 00 00 FF FF 00 00 00 FF E9 00 00 00 00 00 00 00 00 00 00 00 00 00 00 00 58 00 5F 00 02 
 02 A4 00 00 FF E9 03 01 02 00 00 00 FF FF 00 00 00 FF E9 00 00 00 00 00 00 00 00 00 00 00 00 00 00 00 54 00 60 00 FF 
 02 A4 00 00 FF E9 03 01 02 00 00 00 FF FF 00 00 00 FF E9 00 00 00 00 00 00 00 00 00 00 00 00 00 00 00 58 00 5F 00 02 
 02 A4 00 00 FF E9 03 01 02 00 00 00 FF FF 00 00 00 FF E9 00 00 00 00 00 00 00 00 00 00 00 00 00 00 00 57 00 61 00 03 
 02 A4 00 00 FF E9 03 01 02 00 00 00 FF FF 00 00 00 FF E9 00 00 00 00 00 00 00 00 00 02 00 00 00 00 00 57 00 61 00 05 
 02 A4 00 00 FF E9 03 01 02 00 00 00 FF FF 00 00 00 FF E9 00 00 00 00 00 00 00 00 00 00 00 00 00 00 00 57 00 62 00 04 
 02 A4 00 00 FF E9 03 01 02 00 00 00 FF FF 00 00 00 FF E9 00 00 00 00 00 00 00 00 00 00 00 00 00 00 00 58 00 61 00 04 
 02 A4 00 00 FF E9 03 01 02 00 00 00 FF FF 00 00 00 FF E9 00 00 00 00 00 00 00 00 00 00 00 00 00 00 00 58 00 60 00 03 
 02 A4 00 00 FF E9 03 01 02 00 00 00 FF FF 00 00 00 FF E9 00 00 00 00 00 00 00 00 00 00 00 00 00 00 00 52 00 5B 00 F8 
 02 A4 00 00 FF E9 03 01 02 00 00 00 FF FF 00 00 00 FF E9 00 00 00 00 00 00 00 00 00 00 00 00 00 00 00 54 00 5C 00 FB 
 02 A4 00 00 FF E9 03 01 02 00 00 00 FF FF 00 00 00 FF E9 00 00 00 00 00 00 00 00 00 00 00 00 00 00 00 58 00 5F 00 02 
 02 A4 00 00 FF E9 03 01 02 00 00 00 FF FF 00 00 00 FF E9 00 00 00 00 00 00 00 00 00 00 00 00 00 00 00 59 00 62 00 06 
 02 A4 00 00 FF E9 03 01 02 00 00 00 FF FF 00 00 00 FF E9 00 00 00 00 00 00 00 00 00 00 00 00 00 00 00 57 00 60 00 02 
 02 A4 00 00 FF E9 03 01 02 00 00 00 FF FF 00 00 00 FF E9 00 00 00 00 00 00 00 00 00 01 00 00 00 00 00 55 00 61 00 02 
 02 A4 00 00 FF E9 03 01 02 00 00 00 FF FF 00 00 00 FF E9 00 00 00 00 00 00 00 00 00 00 00 00 00 00 00 5A 00 63 00 08 
 02 A4 00 00 FF E9 03 01 02 00 00 00 FF FF 00 00 00 FF E9 00 00 00 00 00 00 00 00 00 00 00 00 00 00 00 5A 00 62 00 07 
 02 A4 00 00 FF E9 03 01 02 00 00 00 FF FF 00 00 00 FF E9 00 00 00 00 00 00 00 00 00 01 00 00 00 00 00 59 00 5E 00 03 
 02 A4 00 00 FF E9 03 01 02 00 00 00 FF FF 00 00 00 FF E9 00 00 00 00 00 00 00 00 00 00 00 00 00 00 00 55 00 5E 00 FE 
 02 A4 00 00 FF E9 03 01 02 00 00 00 FF FF 00 00 00 FF E9 00 00 00 00 00 00 00 00 00 00 00 00 00 00 00 58 00 61 00 04 
 02 A4 00 00 FF E9 03 01 02 00 00 00 FF FF 00 00 00 FF E9 00 00 00 00 00 00 00 00 00 00 00 00 00 00 00 57 00 64 00 06 
 02 A4 00 00 FF E9 03 01 02 00 00 00 FF FF 00 00 00 FF E9 00 00 00 00 00 00 00 00 00 00 00 00 00 00 00 5B 00 64 00 0A 
 02 A4 00 00 FF E9 03 01 02 00 00 00 FF FF 00 00 00 FF E9 00 00 00 00 00 00 00 00 00 00 00 00 00 00 00 58 00 65 00 08 
 02 A4 00 00 FF E9 03 01 02 00 00 00 FF FF 00 00 00 FF E9 00 00 00 00 00 00 00 00 00 00 00 00 00 00 00 57 00 63 00 05 
 02 A4 00 00 FF E9 03 01 02 00 00 00 FF FF 00 00 00 FF E9 00 00 00 00 00 00 00 00 00 00 00 00 00 00 00 58 00 5F 00 02 
 02 A4 00 00 FF E9 03 01 02 00 00 00 FF FF 00 00 00 FF E9 00 00 00 00 00 00 00 00 00 00 00 00 00 00 00 58 00 5F 00 02 
 02 A4 00 00 FF E9 03 01 02 00 00 00 FF FF 00 00 00 FF E9 00 00 00 00 00 00 00 00 00 00 00 00 00 00 00 5B 00 5F 00 05 
 02 A4 00 00 FF E9 03 01 02 00 00 00 FF FF 00 00 00 FF E9 00 00 00 00 00 00 00 00 00 01 00 00 00 00 00 58 00 5E 00 02 
 02 A4 00 00 FF E9 03 01 02 00 00 00 FF FF 00 00 00 FF E9 00 00 00 00 00 00 00 00 00 00 00 00 00 00 00 58 00 62 00 05 
 02 A4 00 00 FF E9 03 01 02 00 00 00 FF FF 00 00 00 FF E9 00 00 00 00 00 00 00 00 00 00 00 00 00 00 00 58 00 60 00 03 
 02 A4 00 00 FF E9 03 01 02 00 00 00 FF FF 00 00 00 FF E9 00 00 00 00 00 00 00 00 00 00 00 00 00 00 00 59 00 5F 00 03 
 02 A4 00 00 FF E9 03 01 02 00 00 00 FF FF 00 00 00 FF E9 00 00 00 00 00 00 00 00 00 00 00 00 00 00 00 57 00 5F 00 01 
 02 A4 00 00 FF E9 03 01 02 00 00 00 FF FF 00 00 00 FF E9 00 00 00 00 00 00 00 00 00 00 00 00 00 00 00 53 00 5D 00 FB 
 02 A4 00 00 FF E9 03 01 02 00 00 00 FF FF 00 00 00 FF E9 00 00 00 00 00 00 00 00 00 00 00 00 00 00 00 59 00 61 00 05 
 02 A4 00 00 FF E9 03 01 02 00 00 00 FF FF 00 00 00 FF E9 00 00 00 00 00 00 00 00 00 00 00 00 00 00 00 56 00 5F 00 00 
 02 A4 00 00 FF E9 03 01 02 00 00 00 FF FF 00 00 00 FF E9 00 00 00 00 00 00 00 00 00 00 00 00 00 00 00 53 00 5F 00 FD 
 02 A4 00 00 FF E9 03 01 02 00 00 00 FF FF 00 00 00 FF E9 00 00 00 00 00 00 00 00 00 00 00 00 00 00 00 57 00 5F 00 01 
 02 A4 00 00 FF E9 03 01 02 00 00 00 FF FF 00 00 00 FF E9 00 00 00 00 00 00 00 00 00 00 00 00 00 00 00 59 00 63 00 07 
 02 A4 00 00 FF E9 03 01 02 00 00 00 FF FF 00 00 00 FF E9 00 00 00 00 00 00 00 00 00 00 00 00 00 00 00 5A 00 61 00 06 
 02 A4 00 00 FF E9 03 01 02 00 00 00 FF FF 00 00 00 FF E9 00 00 00 00 00 00 00 00 00 00 00 00 00 00 00 58 00 61 00 04 
 02 A4 00 00 FF E9 03 01 02 00 00 00 FF FF 00 00 00 FF E9 00 00 00 00 00 00 00 00 00 00 00 00 00 00 00 55 00 62 00 02 
 02 A4 00 00 FF E9 03 01 02 00 00 00 FF FF 00 00 00 FF E9 00 00 00 00 00 00 00 00 00 00 00 00 00 00 00 54 00 61 00 00 
 02 A4 00 00 FF E9 03 01 02 00 00 00 FF FF 00 00 00 FF E9 00 00 00 00 00 00 00 00 00 00 00 00 00 00 00 58 00 64 00 07 
 02 A4 00 00 FF E9 03 01 02 00 00 00 FF FF 00 00 00 FF E9 00 00 00 00 00 00 00 00 00 00 00 00 00 00 00 57 00 5E 00 00 
 02 A4 00 00 FF E9 03 01 02 00 00 00 FF FF 00 00 00 FF E9 00 00 00 00 00 00 00 00 00 00 00 00 00 00 00 57 00 60 00 02 
 02 A4 00 00 FF E9 03 01 02 00 00 00 FF FF 00 00 00 FF E9 00 00 00 00 00 00 00 00 00 00 00 00 00 00 00 58 00 5E 00 01 
 02 A4 00 00 FF E9 03 01 02 00 00 00 FF FF 00 00 00 FF E9 00 00 00 00 00 00 00 00 00 00 00 00 00 00 00 59 00 62 00 06 
 02 A4 00 00 FF E9 03 01 02 00 00 00 FF FF 00 00 00 FF E9 00 00 00 00 00 00 00 00 00 00 00 00 00 00 00 57 00 5F 00 01 
 02 A4 00 00 FF E9 03 01 02 00 00 00 FF FF 00 00 00 FF E9 00 00 00 00 00 00 00 00 00 00 00 00 00 00 00 57 00 5D 00 FF 
 02 A4 00 00 FF E9 03 01 02 00 00 00 FF FF 00 00 00 FF E9 00 00 00 00 00 00 00 00 00 00 00 00 00 00 00 56 00 61 00 02 
 02 A4 00 00 FF E9 03 01 02 00 00 00 FF FF 00 00 00 FF E9 00 00 00 00 00 00 00 00 00 00 00 00 00 00 00 56 00 62 00 03 
 02 A4 00 00 FF E9 03 01 02 00 00 00 FF FF 00 00 00 FF E9 00 00 00 00 00 00 00 00 00 00 00 00 00 00 00 56 00 62 00 03 
 02 A4 00 00 FF E9 03 01 02 00 00 00 FF FF 00 00 00 FF E9 00 00 00 00 00 00 00 00 00 00 00 00 00 00 00 59 00 5F 00 03 
 02 A4 00 00 FF E9 03 01 02 00 00 00 FF FF 00 00 00 FF E9 00 00 00 00 00 00 00 00 00 00 00 00 00 00 00 5B 00 62 00 08 
 02 A4 00 00 FF E9 03 01 02 00 00 00 FF FF 00 00 00 FF E9 00 00 00 00 00 00 00 00 00 01 00 00 00 00 00 57 00 62 00 05 
 02 A4 00 00 FF E9 03 01 02 00 00 00 FF FF 00 00 00 FF E9 00 00 00 00 00 00 00 00 00 00 00 00 00 00 00 56 00 5F 00 00 
 02 A4 00 00 FF E9 03 01 02 00 00 00 FF FF 00 00 00 FF E9 00 00 00 00 00 00 00 00 00 01 00 00 00 00 00 5B 00 61 00 08 
 02 A4 00 00 FF E9 03 01 02 00 00 00 FF FF 00 00 00 FF E9 00 00 00 00 00 00 00 00 00 00 00 00 00 00 00 57 00 60 00 02 
 02 A4 00 00 FF E9 03 01 02 00 00 00 FF FF 00 00 00 FF E9 00 00 00 00 00 00 00 00 00 00 00 00 00 00 00 57 00 60 00 02 
 02 A4 00 00 FF E9 03 01 02 00 00 00 FF FF 00 00 00 FF E9 00 00 00 00 00 00 00 00 00 00 00 00 00 00 00 57 00 61 00 03 
 02 A4 00 00 FF E9 03 01 02 00 00 00 FF FF 00 00 00 FF E9 00 00 00 00 00 00 00 00 00 01 00 00 00 00 00 5A 00 61 00 07 
 02 A4 00 00 FF E9 03 01 02 00 00 00 FF FF 00 00 00 FF E9 00 00 00 00 00 00 00 00 00 00 00 00 00 00 00 56 00 5F 00 00 
 02 A4 00 00 FF E9 03 01 02 00 00 00 FF FF 00 00 00 FF E9 00 00 00 00 00 00 00 00 00 00 00 00 00 00 00 56 00 5F 00 00 
 02 A4 00 00 FF E9 03 01 02 00 00 00 FF FF 00 00 00 FF E9 00 00 00 00 00 00 00 00 00 00 00 00 00 00 00 54 00 5C 00 FB 
 02 A4 00 00 FF E9 03 01 02 00 00 00 FF FF 00 00 00 FF E9 00 00 00 00 00 00 00 00 00 01 00 00 00 00 00 56 00 5F 00 01 
 02 A4 00 00 FF E9 03 01 02 00 00 00 FF FF 00 00 00 FF E9 00 00 00 00 00 00 00 00 00 01 00 00 00 00 00 58 00 5F 00 03 
 02 A4 00 00 FF E9 03 01 02 00 00 00 FF FF 00 00 00 FF E9 00 00 00 00 00 00 00 00 00 00 00 00 00 00 00 58 00 5F 00 02 
 02 A4 00 00 FF E9 03 01 02 00 00 00 FF FF 00 00 00 FF E9 00 00 00 00 00 00 00 00 00 02 00 00 00 00 00 58 00 5F 00 04 
 02 A4 00 00 FF E9 03 01 02 00 00 00 FF FF 00 00 00 FF E9 00 00 00 00 00 00 00 00 00 00 00 00 00 00 00 58 00 63 00 06 
 02 A4 00 00 FF E9 03 01 02 00 00 00 FF FF 00 00 00 FF E9 00 00 00 00 00 00 00 00 00 00 00 00 00 00 00 57 00 61 00 03 
 02 A4 00 00 FF E9 03 01 02 00 00 00 FF FF 00 00 00 FF E9 00 00 00 00 00 00 00 00 00 00 00 00 00 00 00 57 00 5B 00 FD 
 02 A4 00 00 FF E9 03 01 02 00 00 00 FF FF 00 00 00 FF E9 00 00 00 00 00 00 00 00 00 00 00 00 00 00 00 59 00 61 00 05 
 02 A4 00 00 FF E9 03 01 02 00 00 00 FF FF 00 00 00 FF E9 00 00 00 00 00 00 00 00 00 00 00 00 00 00 00 58 00 64 00 07 
 02 A4 00 00 FF E9 03 01 02 00 00 00 FF FF 00 00 00 FF E9 00 00 00 00 00 00 00 00 00 00 00 00 00 00 00 5B 00 59 00 FF 
 02 A4 00 00 FF E9 03 01 02 00 00 00 FF FF 00 00 00 FF E9 00 00 00 00 00 00 00 00 00 00 00 00 00 00 00 59 00 63 00 07 
 02 A4 00 00 FF E9 03 01 02 00 00 00 FF FF 00 00 00 FF E9 00 00 00 00 00 00 00 00 00 01 00 00 00 00 00 56 00 61 00 03 
 02 A4 00 00 FF E9 03 01 02 00 00 00 FF FF 00 00 00 FF E9 00 00 00 00 00 00 00 00 00 04 00 00 00 00 00 56 00 5F 00 04 
 02 A4 00 00 FF E9 03 01 02 00 00 00 FF FF 00 00 00 FF E9 00 00 00 00 00 00 00 00 00 00 00 00 00 00 00 59 00 61 00 05 
 02 A4 00 00 FF E9 03 01 02 00 00 00 FF FF 00 00 00 FF E9 00 00 00 00 00 00 00 00 00 00 00 00 00 00 00 58 00 5E 00 01 
 02 A4 00 00 FF E9 03 01 02 00 00 00 FF FF 00 00 00 FF E9 00 00 00 00 00 00 00 00 00 00 00 00 00 00 00 59 00 5E 00 02 
 02 A4 00 00 FF E9 03 01 02 00 00 00 FF FF 00 00 00 FF E9 00 00 00 00 00 00 00 00 00 00 00 00 00 00 00 57 00 62 00 04 
 02 A4 00 00 FF E9 03 01 02 00 00 00 FF FF 00 00 00 FF E9 00 00 00 00 00 00 00 00 00 00 00 00 00 00 00 59 00 5F 00 03 
 02 A4 00 00 FF E9 03 01 02 00 00 00 FF FF 00 00 00 FF E9 00 00 00 00 00 00 00 00 00 00 00 00 00 00 00 58 00 5F 00 02 
 02 A4 00 00 FF E9 03 01 02 00 00 00 FF FF 00 00 00 FF E9 00 00 00 00 00 00 00 00 00 00 00 00 00 00 00 58 00 5D 00 00 
 02 A4 00 00 FF E9 03 01 02 00 00 00 FF FF 00 00 00 FF E9 00 00 00 00 00 00 00 00 00 00 00 00 00 00 00 58 00 5E 00 01 
 02 A4 00 00 FF E9 03 01 02 00 00 00 FF FF 00 00 00 FF E9 00 00 00 00 00 00 00 00 00 00 00 00 00 00 00 59 00 5F 00 03 
 02 A4 00 00 FF E9 03 01 02 00 00 00 FF FF 00 00 00 FF E9 00 00 00 00 00 00 00 00 00 01 00 00 00 00 00 58 00 60 00 04 
 02 A4 00 00 FF E9 03 01 02 00 00 00 FF FF 00 00 00 FF E9 00 00 00 00 00 00 00 00 00 01 00 00 00 00 00 58 00 62 00 06 
 02 A4 00 00 FF E9 03 01 02 00 00 00 FF FF 00 00 00 FF E9 00 00 00 00 00 00 00 00 00 00 00 00 00 00 00 58 00 5F 00 02 
 02 A4 00 00 FF E9 03 01 02 00 00 00 FF FF 00 00 00 FF E9 00 00 00 00 00 00 00 00 00 00 00 00 00 00 00 59 00 5F 00 03 
 02 A4 00 00 FF E9 03 01 02 00 00 00 FF FF 00 00 00 FF E9 00 00 00 00 00 00 00 00 00 00 00 00 00 00 00 56 00 61 00 02 
 02 A4 00 00 FF E9 03 01 02 00 00 00 FF FF 00 00 00 FF E9 00 00 00 00 00 00 00 00 00 00 00 00 00 00 00 59 00 5F 00 03 
 02 A4 00 00 FF E9 03 01 02 00 00 00 FF FF 00 00 00 FF E9 00 00 00 00 00 00 00 00 00 02 00 00 00 00 00 55 00 60 00 02 
 02 A4 00 00 FF E9 03 01 02 00 00 00 FF FF 00 00 00 FF E9 00 00 00 00 00 00 00 00 00 00 00 00 00 00 00 59 00 64 00 08 
 02 A4 00 00 FF E9 03 01 02 00 00 00 FF FF 00 00 00 FF E9 00 00 00 00 00 00 00 00 00 01 00 00 00 00 00 58 00 5F 00 03 
 02 A4 00 00 FF E9 03 01 02 00 00 00 FF FF 00 00 00 FF E9 00 00 00 00 00 00 00 00 00 03 00 00 00 00 00 58 00 61 00 07 
 02 A4 00 00 FF E9 03 01 02 00 00 00 FF FF 00 00 00 FF E9 00 00 00 00 00 00 00 00 00 00 00 00 00 00 00 5A 00 67 00 0C 
 02 A4 00 00 FF E9 03 01 02 00 00 00 FF FF 00 00 00 FF E9 00 00 00 00 00 00 00 00 00 00 00 00 00 00 00 58 00 5E 00 01 
 02 A4 00 00 FF E9 03 01 02 00 00 00 FF FF 00 00 00 FF E9 00 00 00 00 00 00 00 00 00 03 00 00 00 00 00 57 00 5E 00 03 
 02 A4 00 00 FF E9 03 01 02 00 00 00 FF FF 00 00 00 FF E9 00 00 00 00 00 00 00 00 00 00 00 00 00 00 00 58 00 5F 00 02 
 02 A4 00 00 FF E9 03 01 02 00 00 00 FF FF 00 00 00 FF E9 00 00 00 00 00 00 00 00 00 00 00 00 00 00 00 56 00 60 00 01 
 02 A4 00 00 FF E9 03 01 02 00 00 00 FF FF 00 00 00 FF E9 00 00 00 00 00 00 00 00 00 00 00 00 00 00 00 59 00 62 00 06 
 02 A4 00 00 FF E9 03 01 02 00 00 00 FF FF 00 00 00 FF E9 00 00 00 00 00 00 00 00 00 00 00 00 00 00 00 59 00 5F 00 03 
 02 A4 00 00 FF E9 03 01 02 00 00 00 FF FF 00 00 00 FF E9 00 00 00 00 00 00 00 00 00 00 00 00 00 00 00 58 00 5F 00 02 
 02 A4 00 00 FF E9 03 01 02 00 00 00 FF FF 00 00 00 FF E9 00 00 00 00 00 00 00 00 00 00 00 00 00 00 00 59 00 5F 00 03 
 02 A4 00 00 FF E9 03 01 02 00 00 00 FF FF 00 00 00 FF E9 00 00 00 00 00 00 00 00 00 00 00 00 00 00 00 58 00 60 00 03 
 02 A4 00 00 FF E9 03 01 02 00 00 00 FF FF 00 00 00 FF E9 00 00 00 00 00 00 00 00 00 00 00 00 00 00 00 57 00 63 00 05 
 02 A4 00 00 FF E9 03 01 02 00 00 00 FF FF 00 00 00 FF E9 00 00 00 00 00 00 00 00 00 00 00 00 00 00 00 58 00 61 00 04 
 02 A4 00 00 FF E9 03 01 02 00 00 00 FF FF 00 00 00 FF E9 00 00 00 00 00 00 00 00 00 01 00 00 00 00 00 56 00 5F 00 01 
 02 A4 00 00 FF E9 03 01 02 00 00 00 FF FF 00 00 00 FF E9 00 00 00 00 00 00 00 00 00 00 00 00 00 00 00 55 00 5F 00 FF 
 02 A4 00 00 FF E9 03 01 02 00 00 00 FF FF 00 00 00 FF E9 00 00 00 00 00 00 00 00 00 01 00 00 00 00 00 5B 00 63 00 0A 
 02 A4 00 00 FF E9 03 01 02 00 00 00 FF FF 00 00 00 FF E9 00 00 00 00 00 00 00 00 00 01 00 00 00 00 00 56 00 60 00 02 
 02 A4 00 00 FF E9 03 01 02 00 00 00 FF FF 00 00 00 FF E9 00 00 00 00 00 00 00 00 00 00 00 00 00 00 00 56 00 5F 00 00 
 02 A4 00 00 FF E9 03 01 02 00 00 00 FF FF 00 00 00 FF E9 00 00 00 00 00 00 00 00 00 00 00 00 00 00 00 57 00 63 00 05 
 02 A4 00 00 FF E9 03 01 02 00 00 00 FF FF 00 00 00 FF E9 00 00 00 00 00 00 00 00 00 00 00 00 00 00 00 5D 00 5E 00 06 
 02 A4 00 00 FF E9 03 01 02 00 00 00 FF FF 00 00 00 FF E9 00 00 00 00 00 00 00 00 00 00 00 00 00 00 00 54 00 5C 00 FB 
 02 A4 00 00 FF E9 03 01 02 00 00 00 FF FF 00 00 00 FF E9 00 00 00 00 00 00 00 00 00 00 00 00 00 00 00 57 00 5F 00 01 
 02 A4 00 00 FF E9 03 01 02 00 00 00 FF FF 00 00 00 FF E9 00 00 00 00 00 00 00 00 00 00 00 00 00 00 00 56 00 60 00 01 
 02 A4 00 00 FF E9 03 01 02 00 00 00 FF FF 00 00 00 FF E9 00 00 00 00 00 00 00 00 00 00 00 00 00 00 00 56 00 60 00 01 
 02 A4 00 00 FF E9 03 01 02 00 00 00 FF FF 00 00 00 FF E9 00 00 00 00 00 00 00 00 00 00 00 00 00 00 00 58 00 5E 00 01 
 02 A4 00 00 FF E9 03 01 02 00 00 00 FF FF 00 00 00 FF E9 00 00 00 00 00 00 00 00 00 00 00 00 00 00 00 5F 00 67 00 11 
 02 A4 00 00 FF E9 03 01 02 00 00 00 FF FF 00 00 00 FF E9 00 00 00 00 00 00 00 00 00 00 00 00 00 00 00 58 00 5D 00 00 
 02 A4 00 00 FF E9 03 01 02 00 00 00 FF FF 00 00 00 FF E9 00 00 00 00 00 00 00 00 00 00 00 00 00 00 00 56 00 62 00 03 