AA 01 26 00 00 00 00 00 00 00 00 00 00 00 00 FF FF 00 00 00 00 00 00 00 00 00 00 00 00 00 07 E6 00 00 00 00 08 61 07 D3 00 FF AA 01 26 00 00 00 00 00 00 00 00 00 00 00 00 FF FF 00 00 00 00 00 00 00 00 00 00 00 00 00 07 E5 00 00 00 00 08 61 07 D0 00 FB 
AA 01 26 00 00 00 00 00 00 00 00 00 00 00 00 FF FF 00 00 00 00 00 00 00 00 00 00 00 00 00 08 15 00 00 00 00 08 8D 08 01 00 8A AA 01 26 00 00 00 00 00 00 00 00 00 00 00 00 FF FF 00 00 00 00 00 00 00 00 00 00 00 00 00 07 E4 00 00 00 00 08 61 07 CF 
00 F9 AA 01 26 00 00 00 00 00 00 00 00 00 00 00 00 FF FF 00 00 00 00 00 00 00 00 00 00 00 00 00 07 E3 00 00 00 00 08 61 07 CF 00 F8 
AA 01 26 00 00 00 00 00 00 00 00 00 00 00 00 FF FF 00 00 00 00 00 00 00 00 00 00 00 00 00 07 E1 00 00 00 00 08 61 07 CF 00 F6 
AA 01 26 00 00 00 00 00 00 00 00 00 00 00 00 FF FF 00 00 00 00 00 00 00 00 00 00 00 00 00 07 E1 00 00 00 00 08 61 07 CE 00 F5 AA 01 26 00 00 00 00 00 
00 00 00 00 00 00 00 FF FF 00 00 00 00 00 00 00 00 00 00 00 00 00 08 14 00 00 00 00 08 8C 08 01 00 88 AA 01 26 00 00 00 00 00 00 00 00 00 00 00 00 FF FF 00 00 00 00 00 00 00 00 00 00 00 00 00 08 
14 00 00 00 00 08 8D 08 02 00 8A AA 01 26 00 00 00 00 00 00 00 00 00 00 00 00 FF FF 00 00 00 00 00 00 00 00 00 00 00 00 00 07 E2 00 00 00 00 08 60 07 CD 00 F4 
AA 01 26 00 00 00 00 00 00 00 00 00 00 00 00 FF FF 00 00 00 00 00 00 00 00 00 00 00 00 00 07 E3 00 00 00 00 08 61 07 CE 00 F7 
AA 01 26 00 00 00 00 00 00 00 00 00 00 00 00 FF FF 00 00 00 00 00 00 00 00 00 00 00 00 00 07 E2 00 00 00 00 08 61 07 CE 00 F6 AA 01 26 00 00 00 00 00 00 00 00 00 00 00 00 FF FF 00 00 00 00 00 00 00 00 00 00 00 00 00 08 15 00 00 00 
00 08 90 08 03 00 8F AA 01 26 00 00 00 00 00 00 00 00 00 00 00 
00 FF FF 00 00 00 00 00 00 00 00 00 00 00 00 00 07 E0 00 00 00 00 08 5F 07 D1 00 F5 AA 01 26 00 00 00 00 00 00 00 00 00 00 00 00 FF FF 00 00 00 00 00 00 00 00 00 00 00 00 00 07 E1 00 
00 00 00 08 61 07 CE 00 F5 AA 01 26 00 00 00 00 00 00 00 00 00 00 00 00 FF FF 00 00 00 00 00 00 00 00 00 00 00 00 00 08 19 00 00 00 00 08 8F 08 04 00 93 
AA 01 26 00 00 00 00 00 00 00 00 00 00 00 00 FF FF 00 00 00 00 00 00 00 00 00 00 00 00 00 07 E0 00 00 00 00 08 66 07 D0 00 FB AA 01 26 00 00 00 00 00 00 00 00 00 00 00 00 FF FF 00 00 00 00 00 00 00 00 00 00 00 00 00 07 DE 00 00 00 
00 08 5B 07 C2 00 E0 AA 01 26 00 00 00 00 00 00 00 00 00 00 00 00 FF FF 00 00 00 00 00 00 00 00 00 00 00 00 00 08 17 00 00 00 00 08 8F 08 05 00 92 
AA 01 26 00 00 00 00 00 00 00 00 00 00 00 00 FF FF 00 00 00 00 00 00 00 00 00 00 00 00 00 08 17 00 00 00 00 08 8B 08 00 00 89 AA 
01 26 00 00 00 00 00 00 00 00 00 00 00 00 FF FF 00 00 00 00 00 00 00 00 00 00 00 00 00 07 DF 00 00 00 00 08 63 07 CF 00 F6 
AA 01 26 00 00 00 00 00 00 00 00 00 00 00 00 FF FF 00 00 00 00 00 00 00 00 00 00 00 00 00 08 1B 00 00 00 00 08 90 08 02 00 94 AA 01 26 00 00 00 00 00 00 00 00 00 00 00 00 FF FF 00 00 00 
00 00 00 00 00 00 00 00 00 00 08 16 00 00 00 00 08 8E 08 01 00 8C AA 01 26 00 00 00 00 00 00 00 00 00 00 00 00 FF FF 00 00 00 00 00 00 00 00 00 00 00 00 00 08 17 00 00 00 00 08 8F 08 03 00 90 
AA 01 26 00 00 00 00 00 00 00 00 00 00 00 00 FF FF 00 00 00 00 00 00 00 00 00 00 00 00 00 07 DA 00 00 00 00 08 63 07 CE 00 F0 AA 
01 26 00 00 00 00 00 00 00 00 00 00 00 00 FF FF 00 00 00 00 00 00 00 00 00 00 00 00 00 07 DE 00 00 00 00 08 5F 07 CF 00 F1 
AA 01 26 00 00 00 00 00 00 00 00 00 00 00 00 FF FF 00 00 00 00 00 00 00 00 00 00 00 00 00 08 1B 00 00 00 00 08 90 08 02 00 94 AA 01 26 00 00 00 00 00 00 00 00 00 00 00 00 FF FF 00 00 00 00 00 00 00 00 00 00 00 00 00 
07 DC 00 00 00 00 08 5F 07 CF 00 EF AA 01 26 00 00 00 00 00 00 00 00 00 00 00 00 FF FF 00 00 00 00 
00 00 00 00 00 00 00 00 00 08 17 00 00 00 00 08 94 08 05 00 97 AA 01 26 00 00 00 00 00 00 00 00 00 00 00 00 FF FF 00 00 00 00 00 00 00 
00 00 00 00 00 00 08 19 00 00 00 00 08 8F 08 03 00 92 AA 01 26 00 00 00 00 
00 00 00 00 00 00 00 00 FF FF 00 00 00 00 00 00 00 00 00 00 00 00 00 07 DC 00 00 00 00 08 60 07 CB 00 EC AA 01 26 00 00 00 00 00 00 00 00 00 00 00 00 FF FF 00 00 00 00 00 00 00 00 00 00 00 00 00 07 DA 00 00 
00 00 08 61 07 CE 00 EE AA 01 26 00 00 00 00 00 00 00 00 00 00 00 00 FF FF 00 00 00 00 00 00 00 00 00 00 00 00 00 08 18 00 00 00 00 08 8F 08 02 00 90 AA 01 26 00 00 00 
00 00 00 00 00 00 00 00 00 FF FF 00 00 00 00 00 00 00 00 00 00 00 00 00 08 19 00 00 00 00 08 96 08 07 00 9D AA 01 26 00 00 00 00 00 00 00 00 00 00 00 00 FF FF 00 00 00 00 00 00 00 00 00 00 00 00 00 08 18 00 
00 00 00 08 93 08 08 00 9A AA 01 26 00 00 00 00 00 00 00 00 00 00 00 00 FF FF 00 00 00 00 00 00 00 00 00 00 00 00 00 08 1E 00 00 00 00 08 94 08 07 00 A0 
AA 01 26 00 00 00 00 00 00 00 00 00 00 00 00 FF FF 00 00 00 00 00 00 00 00 00 00 00 00 00 08 1B 00 00 00 00 08 92 08 08 00 9C 
AA 01 26 00 00 00 00 00 00 00 00 00 00 00 00 FF FF 00 00 00 00 00 00 00 00 00 00 00 00 00 08 1B 00 00 00 00 08 93 08 07 00 9C AA 01 26 00 00 00 00 00 00 00 00 00 00 00 
00 FF FF 00 00 00 00 00 00 00 00 00 00 00 00 00 08 1E 00 00 00 00 08 93 08 0A 00 A2 AA 01 26 00 00 00 00 
00 00 00 00 00 00 00 00 FF FF 00 00 00 00 00 00 00 00 00 00 00 00 00 07 D5 00 00 00 00 08 5B 07 CE 00 E3 AA 01 26 00 00 00 00 00 00 00 00 00 00 00 00 FF FF 00 00 00 00 00 00 00 00 00 00 00 00 
00 07 DE 00 00 00 00 08 57 07 BE 00 D8 AA 01 26 00 00 00 00 00 00 00 00 00 00 00 00 FF FF 00 00 00 00 00 00 00 00 00 00 00 00 00 08 1A 00 00 00 00 08 92 08 07 00 9A AA 01 26 00 00 00 00 00 00 00 00 00 00 00 00 FF FF 00 00 00 00 00 00 00 00 00 00 00 00 00 07 DF 00 00 00 00 08 5E 07 CD 00 EF AA 01 26 00 00 00 00 00 00 00 00 00 00 00 00 FF FF 00 00 00 00 00 00 00 00 00 00 00 00 00 07 DF 00 00 00 00 08 60 07 CA 00 EE 
AA 01 26 00 00 00 00 00 00 00 00 00 00 00 00 FF FF 00 00 00 00 00 00 00 00 00 00 00 00 00 07 DB 00 00 00 00 08 5F 07 CD 00 EC AA 01 26 00 00 00 00 00 00 00 00 00 00 00 00 FF FF 00 00 00 00 00 00 00 00 00 00 00 00 00 07 DE 00 00 00 00 08 5E 07 CD 00 EE 
AA 01 26 00 00 00 00 00 00 00 00 00 00 00 00 FF FF 00 00 00 00 00 00 00 00 00 00 00 00 00 07 DE 00 00 00 00 08 60 07 CA 00 ED AA 
01 26 00 00 00 00 00 00 00 00 00 00 00 00 FF FF 00 00 00 00 00 00 00 00 00 00 00 00 00 07 DC 00 00 00 00 08 5F 07 CD 00 ED AA 01 26 00 00 00 00 00 
00 00 00 00 00 00 00 FF FF 00 00 00 00 00 00 00 00 00 00 00 00 00 08 1C 00 00 00 00 08 93 08 06 00 9C AA 01 26 00 00 00 00 00 00 00 00 00 00 00 00 FF FF 00 00 00 00 00 00 00 00 00 00 00 00 00 08 1A 00 00 00 
00 08 91 08 07 00 99 AA 01 26 00 00 00 00 00 00 00 00 00 00 00 00 FF FF 00 00 00 00 00 00 00 00 00 00 00 00 00 07 DA 00 00 00 00 08 5C 07 CD 00 E8 
AA 01 26 00 00 00 00 00 00 00 00 00 00 00 00 FF 
FF 00 00 00 00 00 00 00 00 00 00 00 00 00 07 DB 00 00 00 00 08 5B 07 CB 00 E6 AA 01 26 00 00 00 00 00 00 00 00 00 00 00 00 FF FF 00 00 00 00 00 00 00 00 00 00 00 00 00 08 1B 00 00 00 00 08 8F 08 03 00 94 
AA 01 26 00 00 00 00 00 00 00 00 00 00 00 00 FF FF 00 00 00 00 00 00 00 00 00 00 00 00 00 08 1B 00 00 00 00 08 93 08 08 00 9D AA 01 26 00 00 00 00 00 00 00 00 00 00 00 00 FF FF 00 00 00 00 00 00 00 00 00 00 00 00 00 07 D8 00 
00 00 00 08 5C 07 CB 00 E4 AA 01 26 00 00 00 00 00 00 00 00 00 00 00 00 FF FF 00 00 00 00 00 00 00 00 00 00 00 00 00 07 D7 00 00 00 00 08 5D 07 C9 00 E2 
AA 01 26 00 00 00 00 00 00 00 00 00 00 00 00 FF FF 00 00 00 00 00 00 00 00 00 00 00 00 00 07 D9 00 00 00 00 08 5D 07 CB 00 E6 AA 01 26 00 00 00 00 00 00 00 00 00 00 00 00 FF FF 00 00 
00 00 00 00 00 00 00 00 00 00 00 08 19 00 00 00 00 08 91 08 04 00 95 AA 01 26 00 00 00 00 00 00 00 00 00 00 00 00 FF FF 00 00 00 00 00 00 00 00 00 00 00 00 00 07 D7 00 00 00 00 08 5D 07 CB 00 E4 
AA 01 26 00 00 00 00 00 00 00 00 00 00 00 00 FF FF 00 00 00 00 00 00 00 00 00 00 00 00 00 07 D2 00 00 00 00 08 5B 07 C7 00 D9 AA 01 26 00 00 00 00 00 00 00 00 00 00 00 00 FF FF 00 00 00 00 
00 00 00 00 00 00 00 00 00 08 15 00 00 00 00 08 96 08 02 00 94 AA 01 26 00 00 00 00 00 00 00 00 00 00 00 00 FF FF 00 00 00 00 00 00 00 00 00 00 00 00 00 08 17 00 00 00 
00 08 97 08 03 00 98 AA 01 26 00 00 00 00 00 00 00 00 00 00 00 00 FF FF 00 00 00 00 00 00 00 00 00 00 00 00 00 07 D4 00 00 00 00 08 61 07 C8 00 E2 
AA 01 26 00 00 00 00 00 00 00 00 00 00 00 00 FF FF 00 00 00 00 00 00 00 00 00 00 00 00 00 08 17 00 00 00 00 08 95 08 02 00 95 
AA 01 26 00 00 00 00 00 00 00 00 00 00 00 00 FF FF 00 00 00 00 00 00 00 00 00 00 00 00 00 08 19 00 00 00 00 08 95 08 01 00 96 AA 01 26 00 
00 00 00 00 00 00 00 00 00 00 00 FF FF 00 00 00 00 00 00 00 00 00 00 00 00 00 08 15 00 00 00 00 08 97 08 02 00 95 AA 01 26 00 00 00 00 00 00 00 00 00 00 00 00 FF FF 00 00 00 00 00 00 00 00 00 00 00 00 00 07 
D1 00 00 00 00 08 5C 07 C7 00 D9 AA 01 26 00 00 00 00 00 00 00 00 00 00 00 00 FF FF 00 00 00 00 00 00 00 00 00 00 00 00 00 07 D0 00 00 00 00 08 5D 07 C9 00 DB 
AA 01 26 00 00 00 00 00 00 00 00 00 00 00 00 FF FF 00 00 00 00 00 00 00 00 00 00 00 00 00 07 D0 00 00 00 00 08 5D 07 C7 00 D9 
AA 01 26 00 00 00 00 00 00 00 00 00 00 00 00 FF FF 00 00 00 00 00 00 00 00 00 00 00 00 00 07 CD 00 00 00 00 08 5B 07 C6 00 D3 
AA 01 26 00 00 00 00 00 00 00 00 00 00 00 00 FF FF 00 00 00 00 00 00 00 00 00 00 00 00 00 08 18 00 00 00 00 08 97 08 04 00 9A AA 01 26 00 00 00 00 00 
00 00 00 00 00 00 00 FF FF 00 00 00 00 00 00 00 00 00 00 00 00 00 08 16 00 00 00 00 08 97 08 04 00 98 AA 01 26 00 00 00 00 00 00 00 00 00 00 00 00 FF FF 00 00 00 00 00 00 00 00 00 00 00 00 00 08 12 
00 00 00 00 08 95 08 00 00 8E AA 01 26 00 00 00 00 00 00 00 00 00 00 00 00 FF FF 00 00 00 00 00 00 00 00 00 00 00 00 00 07 D1 00 00 00 00 08 5B 07 C7 00 D8 
AA 01 26 00 00 00 00 00 00 00 00 00 00 00 00 FF FF 00 00 00 00 00 00 00 00 00 00 00 00 00 07 CD 00 00 00 00 08 5C 07 C6 00 D4 
AA 01 26 00 00 00 00 00 00 00 00 00 00 00 00 FF FF 00 00 00 00 00 00 00 00 00 00 00 00 00 08 16 00 00 00 00 08 97 08 03 00 97 
AA 01 26 00 00 00 00 00 00 00 00 00 00 00 00 FF FF 00 00 00 00 00 00 00 00 00 00 00 00 00 07 CD 00 00 00 00 08 55 07 B7 00 BE AA 01 26 00 00 00 00 00 00 00 00 00 00 00 00 FF FF 00 00 00 00 00 00 00 00 00 00 00 00 00 07 CF 00 00 00 00 08 5A 07 
C8 00 D6 AA 01 26 00 00 00 00 00 00 00 00 00 00 00 00 FF FF 00 00 00 00 00 00 00 00 00 00 00 00 00 07 CD 00 00 00 00 08 5B 07 C6 00 D3 
AA 01 26 00 00 00 00 00 00 00 00 00 00 00 00 FF FF 00 00 00 00 00 00 00 00 00 00 00 00 00 08 16 00 00 00 00 08 97 08 02 00 96 AA 01 26 00 00 00 00 00 00 00 00 00 00 00 00 FF FF 00 00 
00 00 00 00 00 00 00 00 00 00 00 08 11 00 00 00 00 08 97 08 01 00 90 AA 
01 26 00 00 00 00 00 00 00 00 00 00 00 00 FF FF 00 00 00 00 00 00 00 00 00 00 00 00 00 07 D0 00 00 00 00 08 5D 07 C7 00 D9 AA 01 26 00 00 00 00 00 00 00 00 00 00 00 00 FF FF 00 00 00 00 00 00 00 00 00 00 00 00 00 07 CE 00 00 00 00 08 5C 07 C5 00 D4 
AA 01 26 00 00 00 00 00 00 00 00 00 00 00 00 FF FF 00 00 00 00 00 00 00 00 00 00 00 00 00 08 12 00 00 00 00 08 98 08 02 00 93 
AA 01 26 00 00 00 00 00 00 00 00 00 00 00 00 FF FF 00 00 00 00 00 00 00 00 00 00 00 00 00 08 19 00 00 00 00 08 9B 08 04 00 9F AA 
01 26 00 00 00 00 00 00 00 00 00 00 00 00 FF FF 00 00 00 00 00 00 00 00 00 00 00 00 00 07 CE 00 00 00 00 08 5D 07 C6 00 D6 
AA 01 26 00 00 00 00 00 00 00 00 00 00 00 00 FF FF 00 00 00 00 00 00 00 00 00 00 00 00 00 07 CE 00 00 00 00 08 59 07 C4 00 D0 AA 01 26 00 00 00 00 00 00 00 00 00 00 00 00 FF FF 00 00 00 00 00 00 00 00 00 00 00 00 00 07 FD 00 00 00 00 08 97 08 01 00 7B 
AA 01 26 00 00 00 00 00 00 00 00 00 00 00 00 FF FF 00 00 00 00 00 00 00 00 00 00 00 00 00 08 1A 00 00 00 00 08 9B 08 04 00 A0 AA 01 26 00 00 00 00 00 00 00 00 00 00 00 00 FF FF 00 
00 00 00 00 00 00 00 00 00 00 00 00 07 F5 00 00 00 00 08 95 08 03 00 73 AA 01 26 00 00 00 00 00 00 00 00 00 00 00 00 FF FF 00 00 00 00 
00 00 00 00 00 00 00 00 00 07 CD 00 00 00 00 08 53 07 B7 00 BC AA 01 26 00 00 00 00 00 00 00 00 00 00 00 00 FF FF 00 00 00 00 00 00 00 00 00 00 00 00 00 07 F5 00 00 00 00 08 92 08 02 00 6F 
AA 01 26 00 00 00 00 00 00 00 00 00 00 00 00 FF FF 00 00 00 00 
00 00 00 00 00 00 00 00 00 08 36 00 00 00 00 08 8F 07 F6 00 A1 AA 01 26 00 00 00 00 00 00 00 00 00 00 00 00 FF FF 00 00 00 00 00 00 00 00 00 00 00 00 00 08 08 00 00 00 00 08 96 08 07 00 8C AA 01 26 00 00 
00 00 00 00 00 00 00 00 00 00 FF FF 00 00 00 00 00 00 00 00 00 00 00 00 00 08 5A 00 00 00 00 08 57 07 C1 00 58 AA 01 26 00 00 00 00 00 00 00 00 00 00 00 00 FF FF 00 00 00 00 00 00 
00 00 00 00 00 00 00 08 00 00 00 00 00 08 97 08 02 00 80 AA 01 26 00 00 00 00 00 00 00 00 00 00 00 00 FF FF 00 00 00 00 00 00 00 00 00 00 00 00 00 07 E2 00 
00 00 00 08 43 07 AA 00 B4 AA 01 26 00 00 00 00 00 00 00 00 00 00 00 00 FF FF 00 00 00 00 00 00 00 00 00 00 00 00 00 08 1A 00 00 00 00 08 8F 08 00 00 90 
AA 01 26 00 00 00 00 00 00 00 00 00 00 00 00 FF FF 00 00 00 00 00 00 00 00 00 00 00 00 00 07 C8 00 00 00 00 08 57 07 C2 00 C6 AA 01 26 00 00 00 00 00 00 00 00 00 00 00 00 FF 
FF 00 00 00 00 00 00 00 00 00 00 00 00 00 07 CB 00 00 00 00 08 57 07 C1 00 C8 AA 01 26 00 00 00 00 
00 00 00 00 00 00 00 00 FF FF 00 00 00 00 00 00 00 00 00 00 00 00 00 08 5A 00 00 00 00 08 56 07 C0 00 56 AA 01 26 00 00 00 00 00 00 00 00 00 00 00 00 FF FF 00 00 00 00 00 00 00 00 00 00 00 00 
00 08 1B 00 00 00 00 08 85 07 F8 00 7E AA 01 26 00 00 00 00 00 00 00 00 00 00 00 00 FF FF 00 00 00 00 00 00 00 00 00 00 00 00 00 08 5A 00 00 00 00 08 5D 07 CA 00 67 
AA 01 26 00 00 00 00 00 00 00 00 00 00 00 00 FF FF 00 00 00 00 00 00 00 00 00 00 00 00 00 07 D1 00 00 00 00 08 39 07 AF 00 9E 
AA 01 26 00 00 00 00 00 00 00 00 00 00 00 00 FF FF 00 00 00 00 00 00 00 00 00 00 00 00 00 08 60 00 00 00 00 08 5B 07 CB 00 6C AA 01 26 00 00 00 00 00 00 00 00 00 00 00 00 FF FF 00 00 
00 00 00 00 00 00 00 00 00 00 00 08 1D 00 00 00 00 08 91 07 FE 00 92 AA 01 26 00 00 00 00 00 00 00 00 00 00 00 00 FF 
FF 00 00 00 00 00 00 00 00 00 00 00 00 00 08 54 00 00 00 00 08 56 07 C0 00 50 AA 01 26 00 00 00 00 00 00 00 00 00 00 00 00 FF FF 00 00 00 00 00 00 00 00 00 00 00 00 00 07 
CA 00 00 00 00 08 45 07 B4 00 A8 AA 01 26 00 00 00 00 00 00 00 00 00 00 00 00 FF FF 00 00 00 00 00 00 00 00 00 00 00 00 00 08 59 00 00 00 00 08 49 07 BD 00 45 AA 01 26 00 00 00 00 00 00 00 00 
00 00 00 00 FF FF 00 00 00 00 00 00 00 00 00 00 00 00 00 08 54 00 00 00 00 08 3F 07 B3 00 2C 
AA 01 26 00 00 00 00 00 00 00 00 00 00 00 00 FF FF 00 00 00 00 00 00 00 00 00 00 00 00 00 08 5B 00 00 00 00 08 5F 07 CD 00 6D AA 01 26 00 00 00 00 00 00 00 00 00 00 00 00 FF FF 00 00 00 00 00 00 00 00 00 00 00 00 00 08 
1F 00 00 00 00 08 7F 07 FC 00 80 AA 01 26 00 00 00 00 00 00 00 00 00 00 00 00 FF FF 
00 00 00 00 00 00 00 00 00 00 00 00 00 08 00 00 00 00 00 08 B0 08 12 00 A9 AA 01 26 00 00 00 00 00 00 00 00 00 00 00 00 FF FF 00 00 00 00 00 00 00 00 00 00 00 00 00 08 18 00 00 00 
00 08 7F 07 FD 00 7A AA 01 26 00 00 00 00 00 00 00 00 00 00 00 00 FF FF 00 00 00 00 00 00 00 00 00 00 00 00 00 08 64 00 00 00 00 08 59 07 C7 00 6A 
AA 01 26 00 00 00 00 00 00 00 00 00 00 00 00 FF FF 00 00 00 00 00 00 00 00 00 00 00 00 00 08 5D 00 00 00 00 08 50 07 B1 00 44 AA 01 26 00 00 00 00 00 00 00 00 00 00 00 00 FF FF 00 00 00 00 00 
00 00 00 00 00 00 00 00 08 55 00 00 00 00 08 51 07 B3 00 3F AA 01 26 00 00 00 00 00 00 00 00 00 00 00 00 FF FF 00 00 00 00 00 00 00 00 00 00 00 00 00 08 02 00 00 00 00 
08 97 08 03 00 83 AA 01 26 00 00 00 00 00 00 00 00 00 00 00 00 FF FF 00 00 
00 00 00 00 00 00 00 00 00 00 00 08 1E 00 00 00 00 08 84 07 F7 00 7F AA 01 26 00 00 00 00 00 00 00 00 00 00 00 00 FF FF 00 00 00 00 00 00 00 00 00 00 00 00 00 08 59 00 00 00 00 08 5D 07 CA 00 66 
AA 01 26 00 00 00 00 00 00 00 00 00 00 00 00 FF FF 00 00 00 00 00 00 00 00 00 00 00 00 00 08 1B 00 00 00 00 08 82 07 F7 00 7A AA 01 26 00 00 00 00 00 00 00 00 00 00 00 00 FF FF 00 00 00 
00 00 00 00 00 00 00 00 00 00 08 06 00 00 00 00 08 B2 08 13 00 B2 AA 01 26 00 00 00 00 00 00 00 00 00 00 00 00 FF FF 00 00 00 00 00 00 00 00 00 00 00 00 00 07 C5 00 00 00 00 08 38 07 A8 00 
8A AA 01 26 00 00 00 00 00 00 00 00 00 00 00 00 FF FF 00 00 00 00 00 00 00 00 00 00 00 00 00 08 5B 00 00 00 00 08 5A 07 C7 00 62 
AA 01 26 00 00 00 00 00 00 00 00 00 00 00 00 FF FF 00 00 00 00 00 00 00 00 00 00 00 00 00 07 C7 00 00 00 00 08 38 07 A9 00 8D 
AA 01 26 00 00 00 00 00 00 00 00 00 00 00 00 FF FF 00 00 00 00 00 00 00 00 00 00 00 00 00 08 5A 00 00 00 00 08 58 07 C6 00 5E AA 01 26 00 00 00 00 00 00 00 00 00 00 00 00 FF FF 00 00 00 00 00 00 00 00 00 00 00 00 00 08 55 00 00 00 00 08 47 07 AE 00 30 
AA 01 26 00 00 00 00 00 00 00 00 00 00 00 00 FF FF 00 00 00 00 00 00 00 00 00 00 00 00 00 08 02 00 00 00 00 08 B2 08 15 00 B0 AA 01 26 00 00 00 00 00 00 00 00 00 00 00 00 FF FF 00 00 00 00 00 00 00 00 00 00 00 00 00 08 04 
00 00 00 00 08 A9 08 10 00 A4 AA 01 26 
00 00 00 00 00 00 00 00 00 00 00 00 FF FF 00 00 00 00 00 00 00 00 00 00 00 00 00 08 59 00 00 00 00 08 55 07 B9 00 4D AA 01 26 00 00 00 00 00 00 00 00 00 00 00 00 FF FF 00 00 00 00 00 00 00 00 00 00 00 
00 00 08 5B 00 00 00 00 08 60 07 C8 00 69 AA 01 26 00 00 00 00 00 00 00 00 00 00 00 00 FF FF 00 00 00 00 00 00 00 00 00 00 00 00 00 08 1F 00 00 00 00 08 84 07 F8 00 81 AA 
01 26 00 00 00 00 00 00 00 00 00 00 00 00 FF FF 00 00 00 00 00 00 00 00 00 00 00 00 00 08 56 00 00 00 00 08 5B 07 C6 00 5D 
AA 01 26 00 00 00 00 00 00 00 00 00 00 00 00 FF FF 00 00 00 00 00 00 00 00 00 00 00 00 00 08 53 00 00 00 00 08 4B 07 BD 00 41 AA 
01 26 00 00 00 00 00 00 00 00 00 00 00 00 FF FF 00 00 00 00 00 00 00 00 00 00 00 00 00 08 5A 00 00 00 00 08 6D 07 BD 00 6A 
AA 01 26 00 00 00 00 00 00 00 00 00 00 00 00 FF FF 00 00 00 00 00 00 00 00 00 00 00 00 00 08 52 00 00 00 00 08 59 07 B6 00 47 AA 
01 26 00 00 00 00 00 00 00 00 00 00 00 00 FF FF 00 00 00 00 00 00 00 00 00 00 00 00 00 07 C7 00 00 00 00 08 59 07 C3 00 C8 AA 01 26 00 00 00 00 00 00 00 00 00 00 00 00 FF FF 00 00 00 00 00 00 00 00 00 00 00 00 00 08 53 00 00 00 00 08 51 07 BB 00 45 
AA 01 26 00 00 00 00 00 00 00 00 00 00 00 00 FF FF 00 00 00 00 00 00 00 00 00 00 00 00 00 08 08 00 00 00 00 08 B8 08 09 00 B0 
AA 01 26 00 00 00 00 00 00 00 00 00 00 00 00 FF FF 00 00 00 00 00 00 00 00 00 00 00 00 00 08 51 00 00 00 00 08 47 07 B0 00 2E AA 01 26 00 00 00 00 00 
00 00 00 00 00 00 00 FF FF 00 00 00 00 00 00 00 00 00 00 00 00 00 08 02 00 00 00 00 08 B9 08 19 00 BB AA 01 26 00 00 00 00 00 00 00 00 00 00 00 00 
FF FF 00 00 00 00 00 00 00 00 00 00 00 00 00 08 51 00 00 00 00 08 5D 07 C5 00 59 AA 01 26 00 00 00 00 00 00 00 00 00 00 00 00 FF FF 00 00 00 00 00 00 00 00 00 00 00 00 00 08 58 00 00 00 
00 08 5F 07 C9 00 66 AA 01 26 00 00 00 00 00 00 00 00 00 00 00 00 FF FF 00 00 00 00 00 00 00 00 00 00 00 00 00 08 05 00 00 00 00 08 BF 08 1D 00 C8 
AA 01 26 00 00 00 00 00 00 00 00 00 00 00 00 FF FF 00 00 00 00 00 00 00 00 00 00 00 00 00 08 18 00 00 00 00 08 89 07 F9 00 80 AA 
01 26 00 00 00 00 00 00 00 00 00 00 00 00 FF FF 00 00 00 00 00 00 00 00 00 00 00 00 00 08 08 00 00 00 00 08 B3 08 08 00 AA 
AA 01 26 00 00 00 00 00 00 00 00 00 00 00 00 FF FF 00 00 00 00 00 00 00 00 00 00 00 00 00 08 4D 00 00 00 00 08 47 07 B3 00 2D AA 01 26 00 00 00 00 00 00 00 00 00 00 00 00 FF FF 
00 00 00 00 00 00 00 00 00 00 00 00 00 08 58 00 00 00 00 08 5C 07 C8 00 62 AA 01 26 00 00 00 00 00 00 00 00 00 00 00 00 FF FF 00 00 00 00 00 00 00 00 00 00 00 00 00 08 5C 00 00 00 
00 08 72 07 C2 00 76 AA 01 26 00 00 00 00 00 00 00 00 00 00 00 00 FF FF 00 00 00 00 00 00 00 00 00 00 00 00 00 08 55 00 00 00 00 08 6B 07 BE 00 64 
AA 01 26 00 00 00 00 00 00 00 00 00 00 00 00 FF FF 00 00 00 00 00 00 00 00 00 00 00 00 00 08 1A 00 00 00 00 08 A5 07 FC 00 A1 
AA 01 26 00 00 00 00 00 00 00 00 00 00 00 00 FF FF 00 00 00 00 00 00 00 00 00 00 00 00 00 07 FF 00 00 00 00 08 AE 08 0C 00 9F 
AA 01 26 00 00 00 00 00 00 00 00 00 00 00 00 FF FF 00 00 00 00 00 00 00 00 00 00 00 00 00 08 64 00 00 00 00 08 38 07 A6 00 28 AA 01 26 00 00 00 00 00 00 00 00 00 00 00 00 FF FF 00 00 00 00 00 00 00 00 00 00 00 00 00 
08 58 00 00 00 00 08 55 07 B5 00 48 AA 01 26 00 00 00 00 00 00 00 00 00 00 00 00 FF FF 00 00 00 00 00 00 00 00 00 00 00 00 00 08 58 00 00 00 00 08 60 07 BB 00 
59 AA 01 26 00 00 00 00 00 00 00 00 00 00 00 00 FF FF 00 00 00 00 00 00 00 00 00 00 00 00 00 08 52 00 00 00 00 08 67 07 C9 00 68 AA 
01 26 00 00 00 00 00 00 00 00 00 00 00 00 FF FF 00 00 00 00 00 00 00 00 00 00 00 00 00 08 09 00 00 00 00 08 BD 08 10 00 BD 
AA 01 26 00 00 00 00 00 00 00 00 00 00 00 00 FF FF 00 00 00 00 00 00 00 00 00 00 00 00 00 08 1F 00 00 00 00 08 A7 07 FD 00 A9 AA 
01 26 00 00 00 00 00 00 00 00 00 00 00 00 FF FF 00 00 00 00 00 00 00 00 00 00 00 00 00 08 0A 00 00 00 00 08 BF 08 11 00 C1 AA 01 26 00 00 00 00 00 00 00 00 00 00 00 00 FF FF 00 00 00 00 00 00 00 00 00 00 00 00 00 08 50 00 00 00 00 08 61 07 C5 00 5C 
AA 01 26 00 00 00 00 00 00 00 00 00 00 00 00 FF FF 00 00 00 00 00 00 00 00 00 00 00 00 00 07 FD 00 00 00 00 08 A9 08 10 00 9C AA 01 26 
00 00 00 00 00 00 00 00 00 00 00 00 FF FF 00 00 00 00 00 00 00 00 00 00 00 00 00 08 47 00 00 00 00 08 3F 07 B9 00 25 AA 01 26 00 00 00 00 00 00 00 00 00 00 00 00 FF FF 00 00 00 00 00 00 
00 00 00 00 00 00 00 07 FF 00 00 00 00 08 B0 08 02 00 97 AA 01 26 00 00 00 00 00 00 00 00 00 00 00 00 FF FF 00 00 00 00 00 00 00 00 00 00 00 00 00 08 01 00 00 
00 00 08 A9 08 0F 00 A0 AA 01 26 00 00 00 00 00 00 00 00 00 00 00 00 FF FF 00 00 00 00 00 00 00 00 00 00 00 00 00 08 4D 00 00 00 00 08 5B 07 C2 00 50 
AA 01 26 00 00 00 00 00 00 00 00 00 00 00 00 FF FF 00 00 00 00 00 00 00 00 00 00 00 00 00 08 4C 00 00 00 00 08 61 07 C4 00 57 AA 01 26 00 00 00 00 00 00 00 00 00 00 00 00 FF FF 00 00 00 00 00 00 00 00 00 00 00 00 00 08 00 00 00 
00 00 08 AB 08 10 00 A2 AA 01 26 00 00 00 00 00 00 00 00 00 00 00 00 FF FF 00 00 00 00 00 00 00 00 00 00 00 00 00 07 FE 00 00 00 00 08 C3 08 0A 00 B1 
AA 01 26 00 00 00 00 00 00 00 00 00 00 00 00 FF FF 00 00 00 00 00 00 00 00 00 00 00 00 00 08 01 00 00 00 00 08 B1 08 0E 00 A7 AA 
01 26 00 00 00 00 00 00 00 00 00 00 00 00 FF FF 00 00 00 00 00 00 00 00 00 00 00 00 00 08 4E 00 00 00 00 08 61 07 C0 00 55 AA 01 26 00 00 00 00 00 00 00 00 00 00 00 00 FF FF 
00 00 00 00 00 00 00 00 00 00 00 00 00 08 4E 00 00 00 00 08 45 07 B9 00 32 AA 01 26 00 00 00 00 00 00 00 00 00 00 00 00 FF FF 00 00 00 00 00 00 00 00 00 00 00 00 00 08 50 00 00 00 00 08 
71 07 C9 00 70 AA 01 26 00 00 00 00 00 00 00 00 00 00 00 00 FF FF 00 00 00 00 00 00 00 00 00 00 00 00 00 08 4C 00 00 00 00 08 5A 07 B3 00 3F 
AA 01 26 00 00 00 00 00 00 00 00 00 00 00 00 FF FF 00 00 00 00 00 00 00 00 00 00 00 00 00 07 FD 00 00 00 00 08 C6 08 0E 00 B7 
AA 01 26 00 00 00 00 00 00 00 00 00 00 00 00 FF FF 00 00 00 00 00 00 00 00 00 00 00 00 00 07 FB 00 00 00 00 08 9A 08 07 00 82 AA 
01 26 00 00 00 00 00 00 00 00 00 00 00 00 FF FF 00 00 00 00 00 00 00 00 00 00 00 00 00 07 FA 00 00 00 00 08 A3 08 08 00 8B AA 01 26 00 00 00 00 00 00 00 00 00 00 00 00 FF 
FF 00 00 00 00 00 00 00 00 00 00 00 00 00 07 F9 00 00 00 00 08 A3 08 06 00 88 AA 01 26 00 00 00 00 00 00 00 00 00 00 00 00 FF FF 00 00 00 00 00 00 00 00 00 00 00 00 00 07 FB 00 00 00 
00 08 A2 08 05 00 88 AA 01 26 00 00 00 00 00 00 00 00 00 00 00 00 FF FF 00 00 00 00 00 00 00 00 00 00 00 00 00 07 F9 00 00 00 00 08 A2 08 04 00 85 AA 01 26 00 00 00 00 00 00 00 00 00 00 00 00 FF 
FF 00 00 00 00 00 00 00 00 00 00 00 00 00 07 FA 00 00 00 00 08 A5 08 06 00 8B AA 01 26 00 00 00 00 00 00 00 00 00 00 00 00 FF FF 00 00 00 00 00 00 00 00 00 00 00 00 00 08 69 00 00 00 00 08 45 07 B3 00 
47 AA 01 26 00 00 00 00 00 00 00 00 00 00 00 00 FF FF 00 00 00 00 00 00 00 00 00 00 00 00 00 08 46 00 00 00 00 08 3F 07 B9 00 24 
AA 01 26 00 00 00 00 00 00 00 00 00 00 00 00 FF FF 00 00 00 00 00 00 00 00 00 00 00 00 00 08 4A 00 00 00 00 08 3F 07 B9 00 28 
AA 01 26 00 00 00 00 00 00 00 00 00 00 00 00 FF FF 00 00 00 00 00 00 00 00 00 00 00 00 00 08 4C 00 00 00 00 08 42 07 B2 00 26 AA 01 26 00 00 00 00 00 00 00 00 00 00 00 00 FF FF 00 00 00 00 00 00 00 00 
00 00 00 00 00 08 19 00 00 00 00 08 9F 07 FC 00 9A 
AA 01 26 00 00 00 00 00 00 00 00 00 00 00 00 FF FF 00 00 00 00 00 00 00 00 00 00 00 00 00 08 47 00 00 00 00 08 3D 07 B5 00 1F AA 01 26 00 00 00 00 00 00 00 00 00 00 00 00 FF FF 00 00 00 00 00 00 00 00 00 00 00 00 00 08 1E 00 00 00 00 08 9E 07 FB 00 9D 
AA 01 26 00 00 00 00 00 00 00 00 00 00 00 00 FF FF 00 00 00 00 00 00 00 00 00 00 00 00 00 07 E8 00 00 00 00 08 9F 08 07 00 74 AA 01 26 00 00 00 00 00 00 00 00 00 00 00 00 FF FF 00 00 00 00 00 00 00 00 00 00 00 00 
00 08 64 00 00 00 00 08 43 07 B3 00 40 AA 01 26 00 00 00 00 00 00 00 00 00 00 00 00 FF FF 00 00 00 00 00 00 00 00 00 00 00 00 00 07 EF 00 00 00 00 08 A1 08 05 00 7B 
AA 01 26 00 00 00 00 00 00 00 00 00 00 00 00 FF FF 00 00 00 00 00 00 00 00 00 00 00 00 00 08 18 00 00 00 00 08 9D 07 FD 00 98 
AA 01 26 00 00 00 00 00 00 00 00 00 00 00 00 FF FF 00 00 00 00 00 00 00 00 00 00 00 00 00 07 EF 00 00 00 00 08 A3 08 0B 00 83 AA 01 26 00 00 00 00 00 00 00 00 00 00 00 00 FF FF 00 00 00 00 00 00 00 00 00 00 00 00 00 07 FD 00 00 00 
00 08 9F 08 09 00 8B AA 01 26 00 00 00 00 00 00 00 00 00 00 00 00 FF FF 00 00 00 00 00 00 00 00 00 00 00 00 00 08 4A 00 00 00 00 08 3F 07 B9 00 28 
AA 01 26 00 00 00 00 00 00 00 00 00 00 00 00 FF FF 00 00 00 00 00 00 00 00 00 00 00 00 00 08 45 00 00 00 00 08 3F 07 B8 00 22 AA 01 26 00 00 00 00 00 00 00 00 
00 00 00 00 FF FF 00 00 00 00 00 00 00 00 00 00 00 00 00 08 5B 00 00 00 00 08 42 07 B0 00 33 AA 01 26 00 00 00 00 
00 00 00 00 00 00 00 00 FF FF 00 00 00 00 00 00 00 00 00 00 00 00 00 07 E9 00 00 00 00 08 9D 08 05 00 71 
AA 01 26 00 00 00 00 00 00 00 00 00 00 00 00 FF FF 00 00 00 00 00 00 00 00 00 00 00 00 00 08 68 00 00 00 00 08 4F 07 B6 00 53 AA 01 26 00 00 00 00 00 00 00 00 00 00 00 00 FF FF 00 00 00 00 00 00 00 00 00 00 00 00 00 08 46 00 00 00 
00 08 47 07 B6 00 29 AA 01 26 00 00 00 00 
00 00 00 00 00 00 00 00 FF FF 00 00 00 00 00 00 00 00 00 00 00 00 00 08 49 00 00 00 00 08 3E 07 B5 00 22 AA 01 26 00 00 00 00 00 00 00 00 00 00 00 00 FF FF 00 00 00 00 00 00 00 00 00 00 00 00 00 08 48 00 00 00 00 08 41 07 B0 00 1F 
AA 01 26 00 00 00 00 00 00 00 00 00 00 00 00 FF FF 00 00 00 00 00 00 00 00 00 00 00 00 00 08 10 00 00 00 00 08 99 07 F4 00 83 AA 01 26 00 00 00 00 00 00 00 00 00 00 00 00 FF FF 00 00 00 00 00 00 00 00 00 00 00 00 00 08 43 
00 00 00 00 08 46 07 B5 00 24 AA 01 26 00 00 00 00 00 00 00 00 00 00 00 00 FF FF 00 00 00 00 00 00 00 00 00 00 00 00 00 08 68 00 00 00 00 08 53 07 B9 00 5A 
AA 01 26 00 00 00 00 00 00 00 00 00 00 00 00 FF FF 00 00 00 00 00 00 00 00 00 00 00 00 00 07 EA 00 00 00 00 08 AF 08 0D 00 8C AA 01 26 00 00 00 00 00 00 00 00 00 00 00 00 FF FF 
00 00 00 00 00 00 00 00 00 00 00 00 00 08 65 00 00 00 00 08 54 07 BA 00 59 AA 01 26 00 00 00 00 00 00 00 00 00 00 00 00 FF FF 00 00 00 00 00 00 00 00 00 00 00 00 00 08 42 00 00 00 00 08 45 07 B3 00 20 
AA 01 26 00 00 00 00 00 00 00 00 00 00 00 00 FF FF 00 00 00 00 00 00 00 00 00 00 00 00 00 07 F5 00 00 00 00 08 A3 08 04 00 82 AA 01 26 00 00 00 00 00 00 00 00 00 00 00 00 FF FF 00 00 00 00 00 00 00 00 00 00 00 00 00 07 FC 00 00 00 00 08 9D 08 03 00 82 
AA 01 26 00 00 00 00 00 00 00 00 00 00 00 00 FF FF 00 00 00 00 00 00 00 00 00 00 00 00 00 08 48 00 00 00 00 08 37 07 B2 00 17 
AA 01 26 00 00 00 00 00 00 00 00 00 00 00 00 FF FF 00 00 00 00 00 00 00 00 00 00 00 00 00 08 61 00 00 00 00 08 4F 07 B6 00 4C 
AA 01 26 00 00 00 00 00 00 00 00 00 00 00 00 FF FF 00 00 00 00 00 00 00 00 00 00 00 00 00 07 E9 00 00 00 00 08 B0 08 0D 00 8C AA 01 26 00 00 00 00 00 00 00 00 00 00 00 00 FF FF 00 00 00 00 00 00 00 00 00 00 00 00 00 07 E0 00 00 00 00 08 A3 08 01 00 6A 
AA 01 26 00 00 00 00 00 00 00 00 00 00 00 00 FF FF 00 00 00 00 00 00 00 00 00 00 00 00 00 08 5E 00 00 00 00 08 46 07 B5 00 3F AA 01 26 00 00 00 00 00 00 00 00 00 00 00 00 FF FF 
00 00 00 00 00 00 00 00 00 00 00 00 00 07 EC 00 00 00 00 08 A4 08 06 00 7C AA 01 26 00 00 00 00 00 00 00 00 00 00 00 00 FF FF 00 00 00 00 00 00 00 00 00 00 00 00 00 08 1A 00 00 00 00 08 95 07 F2 00 87 
AA 01 26 00 00 00 00 00 00 00 00 00 00 00 00 FF FF 00 00 00 00 00 00 00 00 00 00 00 00 00 08 43 00 00 00 00 08 45 07 B5 00 23 AA 01 26 00 00 00 00 00 00 00 00 00 00 00 00 FF FF 00 00 
00 00 00 00 00 00 00 00 00 00 00 08 63 00 00 00 00 08 51 07 B8 00 52 AA 01 26 00 00 00 00 00 00 00 00 00 00 00 00 FF FF 00 00 00 00 00 00 00 00 00 00 00 00 00 08 41 00 00 00 00 08 44 07 B2 00 1D 
AA 01 26 00 00 00 00 00 00 00 00 00 00 00 00 FF FF 00 00 00 00 00 00 00 00 00 00 00 00 00 08 63 00 00 00 00 08 51 07 B8 00 52 AA 01 26 00 00 00 00 00 00 00 00 00 00 00 00 FF FF 00 00 00 00 00 00 00 00 00 00 00 00 00 
08 42 00 00 00 00 08 45 07 B3 00 20 AA 01 26 00 00 00 00 00 00 00 00 00 00 00 00 FF FF 00 00 00 00 00 00 00 00 00 00 00 00 00 08 1C 00 
00 00 00 08 9F 07 F9 00 9A AA 01 26 00 00 00 00 00 00 00 00 00 00 00 00 FF FF 00 00 00 00 00 00 00 00 00 00 00 00 00 08 3E 00 00 00 00 08 3F 07 B6 00 19 
AA 01 26 00 00 00 00 00 00 00 00 00 00 00 00 FF FF 00 00 00 00 00 00 00 00 00 00 00 00 00 08 11 00 00 00 00 08 9D 07 F6 00 8A AA 01 26 00 00 00 00 00 00 00 00 00 00 00 00 FF FF 00 00 00 00 00 00 00 00 00 00 00 00 00 07 E7 00 00 00 00 
08 B0 08 0A 00 87 AA 01 26 00 00 
00 00 00 00 00 00 00 00 00 00 FF FF 00 00 00 00 00 00 00 00 00 00 00 00 00 07 DE 00 00 00 00 08 A3 08 02 00 69 AA 01 26 00 00 00 00 00 00 00 00 00 00 00 00 FF FF 00 00 00 00 00 00 00 00 00 00 00 00 00 08 
17 00 00 00 00 08 94 07 F5 00 86 AA 01 26 00 00 00 00 00 00 00 00 00 00 00 00 FF FF 00 00 00 00 00 00 00 00 00 00 00 00 00 08 3F 00 00 00 00 08 2D 07 AF 00 01 
AA 01 26 00 00 00 00 00 00 00 00 00 00 00 00 FF FF 00 00 00 00 00 00 00 00 00 00 00 00 00 08 3A 00 00 00 00 08 33 07 AE 00 01 AA 
01 26 00 00 00 00 00 00 00 00 00 00 00 00 FF FF 00 00 00 00 00 00 00 00 00 00 00 00 00 08 60 00 00 00 00 08 37 07 A9 00 26 AA 
01 26 00 00 00 00 00 00 00 00 00 00 00 00 FF FF 00 00 00 00 00 00 00 00 00 00 00 00 00 07 E5 00 00 00 00 08 93 08 03 00 61 AA 01 26 00 00 00 00 
00 00 00 00 00 00 00 00 FF FF 00 00 00 00 00 00 00 00 00 00 00 00 00 08 4D 00 00 00 00 08 33 07 A5 00 0B AA 01 26 00 00 00 00 00 00 00 00 00 00 00 00 FF FF 00 00 00 00 
00 00 00 00 00 00 00 00 00 07 EA 00 00 00 00 08 AF 08 00 00 7F AA 01 26 00 00 00 00 00 00 00 00 00 00 00 00 FF FF 00 00 00 00 00 00 00 00 00 00 00 00 00 08 30 
00 00 00 00 08 44 07 AF 00 09 AA 01 26 00 00 00 00 00 00 00 00 00 00 00 00 FF FF 00 00 00 00 00 00 00 00 00 00 00 00 00 08 0C 00 00 00 00 08 8B 07 F2 00 6F AA 01 26 00 00 00 00 00 00 00 00 00 00 00 00 FF FF 00 00 00 00 00 00 00 00 00 00 00 00 00 07 
EA 00 00 00 00 08 A5 08 07 00 7C AA 01 26 00 00 00 00 00 00 00 00 00 00 00 00 FF FF 00 00 00 00 00 00 00 00 00 00 00 00 00 08 54 
00 00 00 00 08 38 07 AF 00 21 AA 01 26 00 00 00 00 00 00 00 00 00 00 00 00 FF FF 00 00 00 00 00 00 00 00 00 00 00 00 00 08 5A 00 00 00 00 08 31 07 A8 00 19 
AA 01 26 00 00 00 00 00 00 00 00 00 00 00 00 FF FF 00 00 00 00 00 00 00 00 00 00 00 00 00 08 51 00 00 00 00 08 1B 07 9C 00 EE AA 01 26 00 00 00 00 00 00 00 00 00 00 00 00 FF FF 00 00 00 00 00 00 00 00 00 00 00 00 00 08 56 00 00 00 00 08 
30 07 A3 00 0F AA 01 26 00 00 00 00 00 00 00 00 00 00 00 
00 FF FF 00 00 00 00 00 00 00 00 00 00 00 00 00 08 3C 00 00 00 00 08 36 07 B2 00 0A AA 01 26 00 00 00 00 00 00 00 00 00 00 00 00 FF FF 00 00 00 00 
00 00 00 00 00 00 00 00 00 07 FE 00 00 00 00 08 9D 07 F8 00 78 AA 01 26 00 00 00 00 00 00 00 00 00 00 00 00 FF FF 00 00 00 00 00 00 00 00 00 00 00 00 00 07 E1 00 00 00 00 08 B1 08 03 00 7B 
AA 01 26 00 00 00 00 00 00 00 00 00 00 00 00 FF FF 00 00 00 00 00 00 00 00 00 00 00 00 00 08 58 00 00 00 00 08 2F 07 A4 00 11 AA 01 26 00 00 00 00 00 00 00 00 00 00 00 00 FF FF 00 00 00 00 00 00 00 00 00 00 00 00 00 
07 E6 00 00 00 00 08 A4 08 08 00 78 AA 01 26 00 00 00 00 00 00 00 00 00 00 00 00 FF FF 00 00 00 00 00 00 00 00 00 00 00 00 00 08 39 00 00 00 00 08 49 07 B2 00 1A 
AA 01 26 00 00 00 00 00 00 00 00 00 00 00 00 FF FF 00 00 00 00 00 00 00 00 00 00 00 00 00 08 50 00 00 00 00 08 41 07 A7 00 1E 
AA 01 26 00 00 00 00 00 00 00 00 00 00 00 00 FF FF 00 00 00 00 00 00 00 00 00 00 00 00 00 07 FD 00 00 00 00 08 88 07 F2 00 5C AA 01 26 00 00 00 00 00 00 00 00 00 00 
00 00 FF FF 00 00 00 00 00 00 00 00 00 00 00 00 00 08 01 00 00 00 00 08 7D 07 F1 00 55 AA 01 26 00 00 00 00 00 00 00 00 00 00 00 00 FF FF 00 00 00 00 00 00 00 00 00 00 00 00 00 08 03 00 00 00 00 08 99 07 F7 00 79 
AA 01 26 00 00 00 00 00 00 00 00 00 00 00 00 FF FF 00 00 00 00 00 00 00 00 00 00 00 00 00 08 54 00 00 00 00 08 37 07 A9 00 1A 
AA 01 26 00 00 00 00 00 00 00 00 00 00 00 00 FF FF 00 00 00 00 00 00 00 00 00 00 00 00 00 07 FF 00 00 00 00 08 9E 07 FC 00 7E AA 01 26 00 00 00 00 00 00 00 00 00 00 00 00 FF FF 00 00 00 00 00 00 00 00 00 00 00 00 
00 08 3A 00 00 00 00 08 3F 07 B2 00 11 
AA 01 26 00 00 00 00 00 00 00 00 00 00 00 00 FF FF 00 00 00 00 00 00 00 00 00 00 00 00 00 08 51 00 00 00 00 08 29 07 A3 00 03 AA 01 26 00 00 00 00 00 00 00 00 00 00 00 00 FF FF 00 00 00 00 00 00 00 00 00 00 
00 00 00 08 53 00 00 00 00 08 1F 07 A5 00 FD AA 01 26 00 00 00 00 00 00 00 00 00 00 00 00 FF FF 00 00 00 00 00 00 00 00 00 00 00 
00 00 08 53 00 00 00 00 08 1F 07 A1 00 F9 AA 01 26 00 00 00 00 00 00 00 00 00 00 00 00 FF FF 00 00 00 00 00 00 00 00 00 00 00 00 00 08 05 00 00 
00 00 08 99 07 F7 00 7B AA 01 26 00 00 00 00 00 00 00 00 00 00 00 00 FF FF 00 00 00 00 00 00 00 00 00 00 00 00 00 08 0A 00 00 00 00 08 9D 07 FB 00 88 
AA 01 26 00 00 00 00 00 00 00 00 00 00 00 00 FF FF 00 00 00 00 00 00 00 00 00 00 00 00 00 08 5A 00 00 00 00 08 37 07 A9 00 20 AA 01 26 00 00 00 00 00 00 00 00 00 00 00 00 FF FF 00 00 00 00 00 00 00 00 00 00 00 00 00 08 07 00 
00 00 00 08 9F 07 FB 00 87 AA 01 26 00 00 00 00 00 00 00 00 00 00 00 00 FF FF 00 00 00 00 00 00 00 00 00 00 00 00 00 08 58 00 00 00 00 08 31 07 A6 00 15 
AA 01 26 00 00 00 00 00 00 00 00 00 00 00 00 FF FF 00 00 00 00 00 00 00 00 00 00 00 00 00 08 14 00 00 00 00 08 5B 07 D5 00 2A AA 01 26 00 00 00 00 00 00 00 00 00 00 00 00 FF FF 00 00 00 00 00 00 00 00 00 00 00 00 00 08 5D 00 00 00 00 08 4B 07 B6 00 44 
AA 01 26 00 00 00 00 00 00 00 00 00 00 00 00 FF FF 00 00 00 00 00 00 00 00 00 00 00 00 00 08 54 00 00 00 00 08 31 07 A5 00 10 
AA 01 26 00 00 00 00 00 00 00 00 00 00 00 00 FF FF 00 00 00 00 00 00 00 00 00 00 00 00 00 08 62 00 00 00 00 08 1F 07 93 00 FA 
AA 01 26 00 00 00 00 00 00 00 00 00 00 00 00 FF FF 00 00 00 00 00 00 00 00 00 00 00 00 00 08 5A 00 00 00 00 08 4D 07 B2 00 3F AA 01 26 00 00 00 00 00 00 00 00 00 00 00 00 FF 
FF 00 00 00 00 00 00 00 00 00 00 00 00 00 08 58 00 00 00 00 08 34 07 A9 00 1B AA 01 26 00 00 00 00 00 00 00 00 00 00 00 00 FF FF 00 00 00 00 00 00 00 00 00 00 00 00 00 08 1C 00 00 00 00 08 61 07 D6 00 39 
AA 01 26 00 00 00 00 00 00 00 00 00 00 00 00 FF FF 00 00 00 00 00 00 00 00 00 00 00 00 00 08 0C 00 00 00 00 08 9F 07 F6 00 87 AA 01 26 00 00 00 00 00 00 00 00 00 00 00 00 FF FF 00 00 00 00 00 
00 00 00 00 00 00 00 00 08 00 00 00 00 00 08 66 07 E6 00 32 AA 01 26 00 00 00 00 00 00 00 00 00 00 00 00 FF FF 00 00 00 00 00 00 00 00 00 00 00 00 00 07 FC 00 00 00 00 08 60 07 DE 00 1F 
AA 01 26 00 00 00 00 00 00 00 00 00 00 00 00 FF FF 00 00 00 00 00 00 00 00 00 00 00 00 00 08 61 00 00 00 00 08 1F 07 94 00 FA AA 01 26 00 00 00 00 00 00 00 00 00 00 00 00 
FF FF 00 00 00 00 00 00 00 00 00 00 00 00 00 08 04 00 00 00 00 08 A6 07 F7 00 87 AA 01 26 00 00 00 00 00 00 00 00 00 00 00 00 FF FF 00 00 00 00 00 00 00 00 00 00 00 00 00 08 58 00 00 00 00 08 4C 07 
B6 00 40 AA 01 26 00 00 00 00 00 00 00 00 00 00 00 00 FF FF 00 00 00 00 00 00 00 00 00 00 00 00 00 07 FB 00 00 00 00 08 5F 07 E3 00 22 
AA 01 26 00 00 00 00 00 00 00 00 00 00 00 00 FF FF 00 00 00 00 00 00 00 00 00 00 00 00 00 08 52 00 00 00 00 08 2D 07 99 00 FE AA 01 26 00 00 00 00 00 00 00 00 00 00 00 00 FF 
FF 00 00 00 00 00 00 00 00 00 00 00 00 00 07 FC 00 00 00 00 08 61 07 D8 00 1A AA 
01 26 00 00 00 00 00 00 00 00 00 00 00 00 FF FF 00 00 00 00 00 00 00 00 00 00 00 00 00 07 F9 00 00 00 00 08 58 07 D8 00 0E AA 01 26 00 00 00 00 00 00 00 00 00 00 00 00 FF FF 
00 00 00 00 00 00 00 00 00 00 00 00 00 08 50 00 00 00 00 08 30 07 A5 00 0B AA 01 26 00 00 00 00 00 00 00 00 00 00 00 00 FF FF 00 00 00 00 00 00 00 00 00 00 00 00 00 08 4B 00 00 00 00 08 15 07 9B 00 
E1 AA 01 26 00 00 00 00 00 00 00 00 00 00 00 00 FF FF 00 00 00 00 00 00 00 00 00 00 00 00 00 07 F7 00 00 00 00 08 6C 07 E4 00 2C 
AA 01 26 00 00 00 00 00 00 00 00 00 00 00 00 FF FF 00 00 00 00 00 00 00 00 00 00 00 00 00 08 52 00 00 00 00 08 0B 07 93 00 D6 
AA 01 26 00 00 00 00 00 00 00 00 00 00 00 00 FF FF 00 00 00 00 00 00 00 00 00 00 00 00 00 07 F7 00 00 00 00 08 69 07 E1 00 26 AA 
01 26 00 00 00 00 00 00 00 00 00 00 00 00 FF FF 00 00 00 00 00 00 00 00 00 00 00 00 00 07 F6 00 00 00 00 08 6E 07 E3 00 2C AA 01 26 00 00 00 00 00 00 00 00 00 00 00 00 FF FF 00 00 00 00 00 00 00 00 00 00 00 00 
00 08 4B 00 00 00 00 08 0B 07 93 00 CF AA 01 26 00 00 00 00 00 00 00 00 00 00 00 00 FF FF 00 00 00 00 00 00 00 00 00 00 00 00 00 08 4B 00 00 00 00 08 0A 07 92 00 CD 
AA 01 26 00 00 00 00 00 00 00 00 00 00 00 00 FF FF 00 00 00 00 00 00 00 00 00 00 00 00 00 08 4F 00 00 00 00 08 0C 07 94 00 D5 
AA 01 26 00 00 00 00 00 00 00 00 00 00 00 00 FF FF 00 00 00 00 00 00 00 00 00 00 00 00 00 08 4C 00 00 00 00 08 0D 07 93 00 D2 AA 01 26 00 00 00 00 00 00 00 00 00 00 00 00 FF FF 00 00 00 00 00 00 00 00 00 00 00 00 00 08 51 00 00 00 00 08 0A 07 93 00 
D4 AA 01 26 00 00 00 00 00 00 00 00 00 00 00 00 FF FF 00 00 00 00 00 00 00 00 00 00 00 00 00 07 F9 00 00 00 00 08 65 07 DD 00 20 
AA 01 26 00 00 00 00 00 00 00 00 00 00 00 00 FF FF 00 00 00 00 00 00 00 00 00 00 00 00 00 08 4A 00 00 00 00 08 0C 07 92 00 CE 
AA 01 26 00 00 00 00 00 00 00 00 00 00 00 00 FF FF 00 00 00 00 00 00 00 00 00 00 00 00 00 07 F6 00 00 00 00 08 6F 07 E4 00 2E AA 01 26 00 00 00 00 00 00 00 00 00 00 00 00 FF FF 00 00 00 00 00 00 00 00 00 00 00 00 00 08 49 00 00 00 00 08 0A 07 91 00 CA 
AA 01 26 00 00 00 00 00 00 00 00 00 00 00 00 FF FF 00 00 00 00 00 00 00 00 00 00 00 00 00 07 F7 00 00 00 00 08 6D 07 E2 00 2B AA 01 26 00 00 00 00 00 
00 00 00 00 00 00 00 FF FF 00 00 00 00 00 00 00 00 00 00 00 00 00 08 50 00 00 00 00 08 09 07 91 00 D0 AA 01 26 00 00 00 00 00 00 00 00 00 00 00 
00 FF FF 00 00 00 00 00 00 00 00 00 00 00 00 00 08 4C 00 00 00 00 08 07 07 90 00 C9 AA 01 26 00 00 00 00 00 00 00 00 00 00 00 00 FF FF 00 00 00 00 00 00 00 00 00 00 00 00 00 
07 FA 00 00 00 00 08 65 07 DD 00 21 AA 01 26 00 00 00 00 00 00 00 00 00 00 00 00 FF FF 00 00 00 00 00 00 00 00 00 00 00 00 00 08 4B 
00 00 00 00 08 05 07 8E 00 C4 AA 01 26 00 00 00 00 00 00 00 00 00 00 00 00 FF FF 00 00 00 00 00 00 00 00 00 00 00 00 00 08 49 00 00 00 00 08 0B 07 91 00 CB 
AA 01 26 00 00 00 00 00 00 00 00 00 00 00 00 FF FF 00 00 00 00 00 00 00 00 00 00 00 00 00 07 F1 00 00 00 00 08 68 07 DE 00 1C AA 
01 26 00 00 00 00 00 00 00 00 00 00 00 00 FF FF 00 00 00 00 00 00 00 00 00 00 00 00 00 07 F6 00 00 00 00 08 6B 07 E0 00 26 AA 01 26 00 00 00 00 00 00 00 00 00 00 00 00 FF FF 00 00 00 00 00 00 00 00 00 00 00 00 00 07 F5 00 00 00 00 08 67 07 DE 00 1F 
AA 01 26 00 00 00 00 00 00 00 00 00 00 00 00 FF FF 00 00 00 00 00 00 00 00 00 00 00 00 00 08 4A 00 00 00 00 08 07 07 8F 00 C6 AA 
01 26 00 00 00 00 00 00 00 00 00 00 00 00 FF FF 00 00 00 00 00 00 00 00 00 00 00 00 00 07 F6 00 00 00 00 08 67 07 DD 00 1F AA 01 26 00 00 00 00 00 00 00 00 00 00 00 00 FF 
FF 00 00 00 00 00 00 00 00 00 00 00 00 00 08 4C 00 00 00 00 08 05 07 8D 00 C4 AA 01 26 00 00 00 00 00 00 00 00 00 00 00 00 FF FF 00 00 00 00 00 00 00 00 00 00 00 00 00 08 4E 00 00 00 00 08 06 07 8E 00 C8 
AA 01 26 00 00 00 00 00 00 00 00 00 00 00 00 FF FF 00 00 00 00 00 00 00 00 00 00 00 00 00 07 F7 00 00 00 00 08 69 07 DF 00 24 AA 01 26 00 00 00 00 00 00 00 00 00 00 00 00 FF FF 00 00 00 00 00 00 00 00 00 00 00 00 00 07 F5 00 00 00 00 
08 6D 07 E1 00 28 AA 01 26 00 00 00 00 00 00 00 00 00 00 00 00 FF FF 00 00 00 00 00 00 00 00 00 00 00 00 00 08 48 00 00 00 00 08 06 07 8E 00 C2 
AA 01 26 00 00 00 00 00 00 00 00 00 00 00 00 FF FF 00 00 00 00 00 00 00 00 00 00 00 00 00 07 F0 00 00 00 00 08 6D 07 DF 00 21 AA 01 26 00 00 00 00 00 00 00 00 00 00 00 00 FF FF 00 00 00 00 00 00 00 00 00 00 00 00 00 07 F7 00 00 00 00 08 6D 07 DF 
00 28 AA 01 26 00 00 00 00 00 00 00 00 00 00 00 00 FF FF 00 00 00 00 00 00 00 00 00 00 00 00 00 08 4E 00 00 00 00 08 07 07 90 
00 CB AA 01 26 00 00 00 00 00 00 00 00 00 00 00 00 FF FF 00 00 00 00 00 00 00 00 00 00 00 00 00 08 4E 00 00 00 00 08 05 07 8F 00 C8 AA 01 26 00 00 00 00 00 00 00 00 00 00 00 00 FF FF 00 00 
00 00 00 00 00 00 00 00 00 00 00 07 F4 00 00 00 00 08 6D 07 E0 00 26 AA 01 26 00 00 00 00 00 00 00 00 00 00 00 00 FF FF 00 00 00 00 00 00 00 00 00 00 00 00 00 08 46 00 00 00 00 08 07 07 8F 00 C2 
AA 01 26 00 00 00 00 00 00 00 00 00 00 00 00 FF FF 00 00 00 00 00 00 00 00 00 00 00 00 00 08 48 00 00 00 00 08 07 07 8F 00 C4 AA 01 26 00 00 00 00 00 00 00 00 00 00 00 00 FF FF 00 00 00 00 00 00 00 00 00 00 
00 00 00 08 4B 00 00 00 00 08 06 07 8F 00 C6 AA 01 26 00 00 00 00 00 00 00 00 00 00 00 00 FF FF 00 00 00 00 00 00 00 00 00 00 00 00 00 07 F2 
00 00 00 00 08 6B 07 DD 00 1F AA 01 26 00 00 00 00 00 00 00 00 00 00 00 00 FF FF 00 00 00 00 00 00 00 00 00 00 00 00 00 07 F1 00 00 00 00 08 6A 07 DC 00 1C 
AA 01 26 00 00 00 00 00 00 00 00 00 00 00 00 FF FF 00 00 00 00 00 00 00 00 00 00 00 00 00 08 4D 00 00 00 00 08 05 07 8F 00 C7 
AA 01 26 00 00 00 00 00 00 00 00 00 00 00 00 FF FF 00 00 00 00 00 00 00 00 00 00 00 00 00 08 42 00 00 00 00 08 05 07 8E 00 BB AA 01 26 00 00 00 00 00 00 00 00 00 00 00 00 FF FF 00 00 00 00 00 00 00 00 00 00 00 00 00 07 EE 00 00 00 00 08 6A 07 DD 00 1A 
AA 01 26 00 00 00 00 00 00 00 00 00 00 00 00 FF FF 00 00 00 00 00 00 00 00 00 00 00 00 00 08 48 00 00 00 00 08 03 07 8C 00 BD 
AA 01 26 00 00 00 00 00 00 00 00 00 00 00 00 FF FF 00 00 00 00 00 00 00 00 00 00 00 00 00 08 43 00 00 00 00 08 07 07 8F 00 BF 
AA 01 26 00 00 00 00 00 00 00 00 00 00 00 00 FF FF 00 00 00 00 00 00 00 00 00 00 00 00 00 07 F0 00 00 00 00 08 6B 07 DD 00 1D AA 01 26 00 00 00 00 00 00 00 00 00 00 00 00 FF FF 00 00 00 00 00 00 00 00 00 00 00 00 00 07 EE 00 
00 00 00 08 6B 07 DD 00 1B AA 01 26 00 00 00 00 00 00 00 00 00 00 00 00 FF FF 00 00 00 00 00 00 00 00 00 00 00 00 00 07 EB 00 00 
00 00 08 69 07 DB 00 14 AA 01 26 00 00 00 00 00 00 00 00 00 00 00 00 FF FF 00 00 00 00 00 00 00 00 00 00 00 00 00 08 52 00 00 00 00 08 23 07 A7 00 02 
AA 01 26 00 00 00 00 00 00 00 00 00 00 00 00 FF FF 00 00 00 00 00 00 00 00 00 00 00 00 00 08 4E 00 00 00 00 08 1A 07 99 00 E7 
AA 01 26 00 00 00 00 00 00 00 00 00 00 00 00 FF FF 00 00 00 00 00 00 00 00 00 00 00 00 00 08 4A 00 00 00 00 08 25 07 9D 00 F2 AA 01 26 00 00 00 00 00 00 00 00 00 00 00 00 FF 
FF 00 00 00 00 00 00 00 00 00 00 00 00 00 08 5B 00 00 00 00 08 17 07 8C 00 E4 AA 01 26 00 00 00 00 00 00 00 00 00 00 00 00 FF FF 00 00 00 00 00 00 00 00 00 00 00 00 00 08 62 00 00 00 00 08 25 07 9C 00 09 
AA 01 26 00 00 00 00 00 00 00 00 00 00 00 00 FF FF 00 00 00 00 00 00 00 00 00 00 00 00 00 07 F4 00 00 00 00 08 55 07 CD 00 FB AA 01 26 00 00 00 00 00 00 00 00 00 00 
00 00 FF FF 00 00 00 00 00 00 00 00 00 00 00 00 00 08 48 00 00 00 00 08 2A 07 9E 00 F6 AA 01 26 00 00 00 00 00 00 00 00 00 00 00 00 FF FF 00 00 
00 00 00 00 00 00 00 00 00 00 00 07 EC 00 00 00 00 08 59 07 D1 00 FB AA 01 26 00 00 00 00 00 00 00 00 00 00 00 00 FF FF 00 00 00 00 00 00 00 00 00 00 00 00 00 07 EF 00 00 
00 00 08 A4 07 F2 00 6A AA 01 26 00 00 00 00 00 00 00 00 00 00 00 00 FF FF 00 
00 00 00 00 00 00 00 00 00 00 00 00 08 53 00 00 00 00 08 1D 07 9F 00 F5 AA 01 26 00 00 00 00 00 00 00 00 00 00 00 00 FF FF 00 00 00 00 00 00 00 00 00 00 00 00 00 07 F0 00 00 00 00 08 63 07 DB 00 13 AA 01 26 00 00 00 00 00 00 00 00 00 00 00 00 FF FF 00 00 00 00 00 00 00 00 00 00 00 00 00 07 EC 00 
00 00 00 08 64 07 CE 00 03 AA 01 26 00 00 00 00 00 00 00 00 00 00 00 00 FF FF 
00 00 00 00 00 00 00 00 00 00 00 00 00 07 EE 00 00 00 00 08 67 07 D5 00 0F AA 01 26 00 00 00 00 00 00 00 00 00 00 00 00 FF FF 00 00 00 00 00 00 00 00 00 00 00 00 00 07 EE 00 00 00 00 08 9F 07 F1 00 63 
AA 01 26 00 00 00 00 00 00 00 00 00 00 00 00 FF FF 00 00 00 00 00 00 00 00 00 00 00 00 00 07 F1 00 00 00 00 08 50 07 CD 00 F3 
AA 01 26 00 00 00 00 00 00 00 00 00 00 00 00 FF FF 00 00 00 00 00 00 00 00 00 00 00 00 00 07 F2 00 00 00 00 08 5B 07 CF 00 01 AA 01 26 00 00 00 00 00 00 00 00 00 00 00 00 FF FF 00 00 00 00 00 00 00 00 00 00 00 00 00 08 47 00 00 00 00 08 23 07 94 00 
E4 AA 01 26 00 00 00 00 00 00 00 00 00 00 00 00 FF FF 00 00 00 00 00 00 00 00 00 00 00 00 00 08 45 00 00 00 00 08 37 07 B2 00 14 AA 01 26 00 00 00 00 00 00 00 00 00 00 00 00 FF FF 00 00 
00 00 00 00 00 00 00 00 00 00 00 08 4F 00 00 00 00 08 1E 07 9F 00 F2 AA 01 26 00 00 00 00 00 00 00 00 00 00 00 00 FF FF 00 00 00 00 00 00 00 00 00 00 00 00 00 08 47 00 00 00 00 08 27 07 9F 00 F3 
AA 01 26 00 00 00 00 00 00 00 00 00 00 00 00 FF FF 00 00 00 00 00 00 00 00 00 00 00 00 00 08 48 00 00 00 00 08 2C 07 9E 00 F8 AA 01 26 00 00 00 00 00 00 00 00 00 00 00 00 FF FF 00 00 00 00 00 00 00 00 00 00 00 00 00 
07 EC 00 00 00 00 08 63 07 D8 00 0C AA 01 26 00 00 00 00 00 00 00 00 00 00 00 00 FF FF 00 00 00 00 00 00 00 00 00 00 00 00 00 08 
46 00 00 00 00 08 2C 07 9E 00 F6 AA 01 26 00 00 00 00 00 00 00 00 00 00 00 00 FF FF 00 00 00 00 00 00 00 
00 00 00 00 00 00 08 43 00 00 00 00 08 29 07 9E 00 F0 AA 01 26 00 00 00 00 00 00 00 00 00 00 00 00 FF FF 00 00 00 00 00 00 00 00 00 00 00 00 00 07 EE 00 00 00 00 08 5D 07 CB 00 FB 
AA 01 26 00 00 00 00 00 00 00 00 00 00 00 00 FF FF 00 00 00 00 00 00 00 00 00 00 00 00 00 08 47 00 00 00 00 08 24 07 9A 00 EB AA 01 26 
00 00 00 00 00 00 00 00 00 00 00 00 FF FF 00 00 00 00 00 00 00 00 00 00 00 00 00 07 ED 00 00 00 00 08 60 07 D4 00 06 AA 01 26 00 00 00 00 00 00 00 00 00 00 00 00 FF FF 00 00 00 00 00 00 00 00 00 00 00 00 
00 07 E5 00 00 00 00 08 5B 07 C7 00 EC AA 01 26 00 00 00 00 00 00 00 00 00 00 00 00 FF FF 00 00 00 00 00 00 00 00 00 00 00 00 00 08 47 00 00 00 00 08 24 07 9C 00 ED 
AA 01 26 00 00 00 00 00 00 00 00 00 00 00 00 FF FF 00 00 00 00 00 00 00 00 00 00 00 00 00 07 EE 00 00 00 00 08 60 07 D3 00 06 
AA 01 26 00 00 00 00 00 00 00 00 00 00 00 00 FF FF 00 00 00 00 00 00 00 00 00 00 00 00 00 08 5C 00 00 00 00 08 2B 07 9E 00 0B 
AA 01 26 00 00 00 00 00 00 00 00 00 00 00 00 FF FF 00 00 00 00 00 00 00 00 00 00 00 00 00 08 4A 00 00 00 00 08 27 07 9B 00 F2 AA 01 26 00 00 00 00 00 00 00 00 00 00 00 00 FF 
FF 00 00 00 00 00 00 00 00 00 00 00 00 00 08 45 00 00 00 00 08 27 07 9D 00 EF AA 01 26 00 00 00 00 00 00 00 00 00 00 00 00 FF FF 00 00 00 00 00 00 00 00 00 00 00 00 00 08 43 00 00 00 00 08 25 07 9B 
00 E9 AA 01 26 00 00 00 00 00 00 00 00 00 00 00 00 FF FF 00 00 00 00 00 00 00 00 00 00 00 00 00 08 45 00 00 00 00 08 23 07 9A 00 E8 
AA 01 26 00 00 00 00 00 00 00 00 00 00 00 00 FF FF 00 00 00 00 00 00 00 00 00 00 00 00 00 07 ED 00 00 00 00 08 62 07 D4 00 08 AA 01 26 00 00 00 00 00 00 00 00 00 00 00 00 FF FF 00 00 00 00 00 00 00 00 00 00 00 00 00 08 
44 00 00 00 00 08 27 07 9B 00 EC AA 01 26 00 00 00 00 00 00 00 00 00 00 00 00 FF FF 00 00 00 00 00 00 00 00 00 00 00 00 00 08 44 00 00 00 00 08 24 07 9B 00 E9 
AA 01 26 00 00 00 00 00 00 00 00 00 00 00 00 FF FF 00 00 00 00 00 00 00 00 00 00 00 00 00 08 43 00 00 00 00 08 22 07 90 00 DB 
AA 01 26 00 00 00 00 00 00 00 00 00 00 00 00 FF FF 00 00 00 00 00 00 00 00 00 00 00 00 00 08 46 00 00 00 00 08 32 07 AE 00 0C 
AA 01 26 00 00 00 00 00 00 00 00 00 00 00 00 FF FF 00 00 00 00 00 00 00 00 00 00 00 00 00 07 F0 00 00 00 00 08 4E 07 C8 00 EB AA 01 26 00 00 00 00 00 00 00 00 00 00 00 00 FF 
FF 00 00 00 00 00 00 00 00 00 00 00 00 00 07 EB 00 00 00 00 08 5F 07 D8 00 07 AA 01 26 00 00 00 00 00 00 00 00 00 00 00 00 FF FF 00 00 00 00 00 00 00 00 00 00 00 00 00 08 08 00 00 00 00 08 64 07 D5 
00 27 AA 01 26 00 00 00 00 00 00 00 00 00 00 00 00 FF FF 00 00 00 00 00 00 00 00 00 00 00 00 00 08 43 00 00 00 00 08 26 07 99 00 E8 
AA 01 26 00 00 00 00 00 00 00 00 00 00 00 00 FF FF 00 00 00 00 00 00 00 00 00 00 00 00 00 08 43 00 00 00 00 08 27 07 9D 00 ED AA 01 26 00 00 00 00 00 00 00 00 00 00 00 00 FF FF 00 00 00 00 00 00 00 00 00 00 00 00 00 08 49 00 00 00 00 08 25 07 9C 00 
F0 AA 01 26 00 00 00 00 00 00 00 00 00 00 00 00 FF FF 00 00 00 00 00 00 00 00 00 00 00 00 00 07 E9 00 00 00 00 08 61 07 D2 00 01 
AA 01 26 00 00 00 00 00 00 00 00 00 00 00 00 FF FF 00 00 00 00 00 00 00 00 00 00 00 00 00 08 08 00 00 00 00 08 63 07 D3 00 24 
AA 01 26 00 00 00 00 00 00 00 00 00 00 00 00 FF FF 00 00 00 00 00 00 00 00 00 00 00 00 00 07 F8 00 00 00 00 08 5D 07 C9 00 03 AA 01 26 00 00 00 00 00 00 00 00 00 00 00 00 FF FF 00 00 00 00 00 00 00 00 00 00 00 00 00 08 41 00 00 00 00 08 25 07 9C 00 E8 
AA 01 26 00 00 00 00 00 00 00 00 00 00 00 00 FF FF 00 00 00 00 00 00 00 00 00 00 00 00 00 07 E7 00 00 00 00 08 60 07 D2 00 FE 
AA 01 26 00 00 00 00 00 00 00 00 00 00 00 00 FF FF 00 00 00 00 00 00 00 00 00 00 00 00 00 08 48 00 00 00 00 08 27 07 9A 00 EF 
AA 01 26 00 00 00 00 00 00 00 00 00 00 00 00 FF FF 00 00 00 00 00 00 00 00 00 00 00 00 00 08 47 00 00 00 00 08 25 07 9C 00 EE AA 01 26 00 00 00 00 00 00 00 00 00 00 00 00 FF FF 00 00 00 00 00 00 00 00 00 00 00 00 00 
08 08 00 00 00 00 08 66 07 D4 00 28 AA 01 26 00 00 00 00 00 00 00 00 00 00 00 00 FF FF 00 00 00 00 00 00 00 00 00 00 00 00 00 07 F5 00 
00 00 00 08 5C 07 C9 00 FF AA 01 26 00 00 00 00 00 00 00 00 00 00 00 00 FF FF 00 00 00 00 00 00 00 00 00 00 00 00 00 07 E8 00 00 00 00 08 5B 07 C9 00 F1 
AA 01 26 00 00 00 00 00 00 00 00 00 00 00 00 FF FF 00 00 00 00 00 00 00 00 00 00 00 00 00 08 48 00 00 00 00 08 25 07 9B 00 EE 
AA 01 26 00 00 00 00 00 00 00 00 00 00 00 00 FF FF 00 00 00 00 00 00 00 00 00 00 00 00 00 07 E3 00 00 00 00 08 5A 07 C9 00 EB AA 
01 26 00 00 00 00 00 00 00 00 00 00 00 00 FF FF 00 00 00 00 00 00 00 00 00 00 00 00 00 07 E4 00 00 00 00 08 57 07 C5 00 E5 
AA 01 26 00 00 00 00 00 00 00 00 00 00 00 00 FF FF 00 00 00 00 00 00 00 00 00 00 00 00 00 07 EF 00 00 00 00 08 6F 07 D1 00 14 AA 01 26 00 00 00 00 00 00 00 00 00 00 00 00 FF FF 00 00 00 00 00 00 00 00 00 00 00 00 00 08 
3F 00 00 00 00 08 28 07 9F 00 EC AA 01 26 00 00 00 
00 00 00 00 00 00 00 00 00 FF FF 00 00 00 00 00 00 00 00 00 00 00 00 00 08 46 00 00 00 00 08 29 07 9B 00 F0 AA 01 26 00 00 00 00 00 00 00 00 00 00 00 00 FF FF 00 00 00 00 00 00 00 00 00 00 00 00 00 
07 E8 00 00 00 00 08 61 07 D4 00 02 AA 01 26 00 00 00 00 00 00 00 00 00 00 00 00 FF FF 00 00 00 00 00 00 00 00 00 00 00 00 00 07 E9 00 00 00 00 08 63 07 D4 00 05 AA 01 26 00 00 00 00 00 00 00 00 00 00 00 
00 FF FF 00 00 00 00 00 00 00 00 00 00 00 00 00 07 E6 00 00 00 00 08 63 07 D4 00 02 AA 01 26 00 00 00 00 00 00 00 00 00 00 00 00 FF FF 00 00 00 00 00 00 00 00 00 00 00 00 00 
08 48 00 00 00 00 08 27 07 9A 00 EF AA 01 26 00 00 00 00 00 00 00 00 00 00 00 00 FF FF 00 00 00 00 00 00 00 00 00 00 00 00 00 08 49 00 00 00 00 08 27 07 9B 00 F1 
AA 01 26 00 00 00 00 00 00 00 00 00 00 00 00 FF FF 00 00 00 00 00 00 00 00 00 00 00 00 00 08 47 00 00 00 00 08 26 07 9C 00 EF 
AA 01 26 00 00 00 00 00 00 00 00 00 00 00 00 FF FF 00 00 00 00 00 00 00 00 00 00 00 00 00 08 44 00 00 00 00 08 25 07 9A 00 E9 AA 01 26 00 00 00 00 00 00 00 00 00 00 00 00 FF FF 00 00 00 00 00 00 00 00 00 00 00 00 00 07 E3 00 00 00 00 08 58 07 C5 00 E5 
AA 01 26 00 00 00 00 00 00 00 00 00 00 00 00 FF FF 00 00 00 00 00 00 00 00 00 00 00 00 00 07 E1 00 00 00 00 08 5B 07 D3 00 F4 
AA 01 26 00 00 00 00 00 00 00 00 00 00 00 00 FF FF 00 00 00 00 00 00 00 00 00 00 00 00 00 08 3F 00 00 00 00 08 26 07 98 00 E3 AA 01 26 00 00 00 00 00 00 00 00 00 00 00 00 FF FF 00 00 00 00 00 00 00 00 00 00 00 00 00 07 E3 00 00 00 00 08 5F 07 D4 00 FB 
AA 01 26 00 00 00 00 00 00 00 00 00 00 00 00 FF FF 00 00 00 00 00 00 00 00 00 00 00 00 00 07 E6 00 00 00 00 08 61 07 D2 00 FE 
AA 01 26 00 00 00 00 00 00 00 00 00 00 00 00 FF FF 00 00 00 00 00 00 00 00 00 00 00 00 00 07 E0 00 00 00 00 08 61 07 D0 00 F6 
AA 01 26 00 00 00 00 00 00 00 00 00 00 00 00 FF FF 00 00 00 00 00 00 00 00 00 00 00 00 00 08 46 00 00 00 00 08 27 07 9A 00 ED AA 01 26 00 00 00 00 00 00 00 00 00 00 00 00 FF FF 00 00 00 00 00 00 
00 00 00 00 00 00 00 08 46 00 00 00 00 08 25 07 9B 00 EC AA 01 26 00 00 00 00 00 00 00 00 00 00 00 00 FF FF 00 00 00 00 00 00 00 00 00 00 00 00 00 07 E2 00 00 00 00 08 
5C 07 C5 00 E8 AA 01 26 00 00 00 00 00 00 00 00 00 00 00 00 FF FF 00 00 00 00 00 00 00 00 00 00 00 00 00 07 E2 00 00 00 00 08 59 07 C3 00 E3 
AA 01 26 00 00 00 00 00 00 00 00 00 00 00 00 FF FF 00 00 00 00 00 00 00 00 00 00 00 00 00 07 E6 00 00 00 00 08 5E 07 D2 00 FB 
AA 01 26 00 00 00 00 00 00 00 00 00 00 00 00 FF FF 00 00 00 00 00 00 00 00 00 00 00 00 00 07 E8 00 00 00 00 08 5C 07 C7 00 F0 AA 01 26 00 00 00 00 00 00 00 00 00 00 00 00 FF FF 00 00 00 00 00 00 00 00 00 00 00 00 00 
07 E5 00 00 00 00 08 61 07 CF 00 FA AA 01 26 00 00 00 00 00 00 00 00 00 00 00 00 FF FF 00 00 
00 00 00 00 00 00 00 00 00 00 00 08 45 00 00 00 00 08 29 07 9C 00 F0 AA 01 26 00 00 00 00 00 00 00 00 00 00 00 00 FF FF 00 00 00 00 00 00 00 00 00 00 00 00 00 07 E1 00 00 00 00 08 64 07 D2 00 FC 
AA 01 26 00 00 00 00 00 00 00 00 00 00 00 00 FF FF 00 00 00 00 00 00 00 00 00 00 00 00 00 08 45 00 00 00 00 08 2A 07 9C 00 F1 
AA 01 26 00 00 00 00 00 00 00 00 00 00 00 00 FF FF 00 00 00 00 00 00 00 00 00 00 00 00 00 08 45 00 00 00 00 08 1F 07 9C 00 E6 AA 01 26 00 00 00 00 00 00 00 00 00 00 00 00 FF FF 00 00 00 00 00 00 00 00 00 00 00 00 00 
08 42 00 00 00 00 08 1F 07 9B 00 E2 AA 01 26 00 00 00 00 00 00 00 00 00 00 00 00 FF FF 00 00 00 00 00 00 00 00 00 00 00 00 00 07 E3 00 00 00 00 08 5D 07 D3 00 F8 
AA 01 26 00 00 00 00 00 00 00 00 00 00 00 00 FF FF 00 00 00 00 00 00 00 00 00 00 00 00 00 08 45 00 00 00 00 08 22 07 99 00 E6 AA 01 26 00 00 00 00 00 00 00 00 00 00 00 00 FF FF 00 00 00 00 00 00 00 00 00 00 00 
00 00 07 E3 00 00 00 00 08 5F 07 D3 00 FA AA 01 26 
00 00 00 00 00 00 00 00 00 00 00 00 FF FF 00 00 00 00 00 00 00 00 00 00 00 00 00 08 3D 00 00 00 00 08 26 07 99 00 E2 AA 01 26 00 00 00 00 00 00 00 00 00 00 00 00 FF FF 00 00 00 00 00 00 00 00 00 00 00 
00 00 08 45 00 00 00 00 08 27 07 9B 00 ED AA 01 26 00 00 00 00 00 00 00 00 00 00 00 00 FF FF 00 00 00 00 00 00 00 00 00 00 00 00 00 07 E3 00 00 00 00 08 5C 07 C4 00 E8 
AA 01 26 00 00 00 00 00 00 00 00 00 00 00 00 FF FF 00 00 00 00 00 00 00 00 00 00 00 00 00 08 4A 00 00 00 00 08 26 07 9E 00 F4 
AA 01 26 00 00 00 00 00 00 00 00 00 00 00 00 FF FF 00 00 00 00 00 00 00 00 00 00 00 00 00 08 45 00 00 00 00 08 25 07 9B 00 EB AA 01 26 00 00 00 00 00 00 00 00 00 00 00 00 FF FF 00 00 00 00 00 00 00 00 00 00 00 00 00 08 46 00 00 00 00 08 27 07 9B 00 EE 
AA 01 26 00 00 00 00 00 00 00 00 00 00 00 00 FF FF 00 00 00 00 00 00 00 00 00 00 00 00 00 08 01 00 00 00 00 08 67 07 D0 00 1E 
AA 01 26 00 00 00 00 00 00 00 00 00 00 00 00 FF FF 00 00 00 00 00 00 00 00 00 00 00 00 00 08 49 00 00 00 00 08 24 07 99 00 EC AA 01 26 00 00 00 00 00 00 00 00 00 00 00 00 FF FF 00 00 00 00 00 00 00 00 00 00 00 00 00 07 DD 00 00 00 00 08 59 07 C4 00 DF 
AA 01 26 00 00 00 00 00 00 00 00 00 00 00 00 FF FF 00 00 00 00 00 00 00 00 00 00 00 00 00 07 E0 00 00 00 00 08 59 07 C3 00 E1 
AA 01 26 00 00 00 00 00 00 00 00 00 00 00 00 FF FF 00 00 00 00 00 00 00 00 00 00 00 00 00 08 46 00 00 00 00 08 24 07 9B 00 EB 
AA 01 26 00 00 00 00 00 00 00 00 00 00 00 00 FF FF 00 00 00 00 00 00 00 00 00 00 00 00 00 07 E1 00 00 00 00 08 5A 07 C3 00 E3 AA 01 26 00 00 00 00 00 00 00 00 00 00 00 00 FF FF 00 00 00 00 00 00 00 00 00 00 00 00 00 07 E2 00 00 00 
00 08 59 07 C3 00 E3 AA 01 26 00 00 00 00 00 00 00 00 00 00 00 00 FF FF 00 00 00 00 00 00 00 00 00 00 00 00 00 08 42 00 00 00 00 08 1D 07 99 00 DE 
AA 01 26 00 00 00 00 00 00 00 00 00 00 00 00 FF FF 00 00 00 00 00 00 00 00 00 00 00 00 00 08 43 00 00 00 00 08 1F 07 9F 00 E7 AA 
01 26 00 00 00 00 00 00 00 00 00 00 00 00 FF FF 00 00 00 00 00 00 00 00 00 00 00 00 00 08 4A 00 00 00 00 08 1F 07 9C 00 EB AA 01 26 00 00 00 00 00 00 00 00 00 00 00 00 FF FF 00 00 00 00 00 00 00 00 00 00 00 00 00 08 40 00 00 00 00 08 22 07 99 00 
E1 AA 01 26 00 00 00 00 00 00 00 00 00 00 00 00 FF FF 00 00 00 00 00 00 00 00 00 00 00 00 00 07 E3 00 00 00 00 08 67 07 D1 00 00 
AA 01 26 00 00 00 00 00 00 00 00 00 00 00 00 FF FF 00 00 00 00 00 00 00 00 00 00 00 00 00 08 47 00 00 00 00 08 24 07 9B 00 EC 
AA 01 26 00 00 00 00 00 00 00 00 00 00 00 00 FF FF 00 00 00 00 00 00 00 00 00 00 00 00 00 08 40 00 00 00 00 08 22 07 9A 00 E2 AA 01 26 00 00 00 00 00 00 00 00 00 00 00 00 FF FF 00 00 00 00 00 00 00 00 00 00 00 00 00 07 DD 00 00 00 00 08 5A 07 C5 00 E1 
AA 01 26 00 00 00 00 00 00 00 00 00 00 00 00 FF FF 00 00 00 00 00 00 00 00 00 00 00 00 00 08 41 00 00 00 00 08 1E 07 9C 00 E1 AA 01 26 00 00 00 00 00 00 00 00 00 00 00 00 FF FF 00 00 00 00 00 00 00 00 00 00 00 00 00 
08 46 00 00 00 00 08 22 07 99 00 E7 AA 01 26 00 00 00 00 00 00 00 00 00 00 00 00 FF FF 00 00 00 00 00 00 00 00 00 00 00 00 00 08 45 00 00 00 00 08 1F 07 9C 00 E6 AA 01 26 00 00 00 00 00 
00 00 00 00 00 00 00 FF FF 00 00 00 00 00 00 00 00 00 00 00 00 00 08 45 00 00 00 00 08 1F 07 9C 00 E6 
AA 01 26 00 00 00 00 00 00 00 00 00 00 00 00 FF FF 00 00 00 00 00 00 00 00 00 00 00 00 00 08 42 00 00 00 00 08 20 07 9A 00 E2 
AA 01 26 00 00 00 00 00 00 00 00 00 00 00 00 FF FF 00 00 00 00 00 00 00 00 00 00 00 00 00 08 46 00 00 00 00 08 1F 07 9B 00 E6 AA 01 26 00 00 00 00 00 00 00 00 00 00 00 00 FF FF 00 00 00 00 00 00 00 00 00 00 00 
00 00 08 43 00 00 00 00 08 21 07 99 00 E3 AA 01 26 00 00 00 00 00 00 00 00 00 00 00 00 FF FF 00 00 00 00 00 00 00 00 00 00 00 00 00 07 DB 00 00 00 00 08 59 07 C3 00 DC 
AA 01 26 00 00 00 00 00 00 00 00 00 00 00 00 FF FF 00 00 00 00 00 00 00 00 00 00 00 00 00 07 E3 00 00 00 00 08 57 07 C5 00 E4 
AA 01 26 00 00 00 00 00 00 00 00 00 00 00 00 FF FF 00 00 00 00 00 00 00 00 00 00 00 00 00 07 DE 00 00 00 00 08 5D 07 D2 00 F2 
AA 01 26 00 00 00 00 00 00 00 00 00 00 00 00 FF FF 00 00 00 00 00 00 00 00 00 00 00 00 00 08 41 00 00 00 00 08 21 07 99 00 E1 
AA 01 26 00 00 00 00 00 00 00 00 00 00 00 00 FF FF 00 00 00 00 00 00 00 00 00 00 00 00 00 07 DE 00 00 00 00 08 59 07 C3 00 DF AA 01 26 00 00 00 
00 00 00 00 00 00 00 00 00 FF FF 00 00 00 00 00 00 00 00 00 00 00 00 00 07 DB 00 00 00 00 08 5D 07 D1 00 EE AA 01 26 00 00 00 00 00 00 00 00 00 00 00 00 FF FF 00 00 00 00 00 00 00 00 00 00 00 00 00 08 44 00 00 00 00 08 1F 07 9C 00 E5 
AA 01 26 00 00 00 00 00 00 00 00 00 00 00 00 FF FF 00 00 00 00 00 00 00 00 00 00 00 00 00 07 DF 00 00 00 00 08 5B 07 C3 00 E2 
AA 01 26 00 00 00 00 00 00 00 00 00 00 00 00 FF FF 00 00 00 00 00 00 00 00 00 00 00 00 00 07 D5 00 00 00 00 08 59 07 C1 00 D4 AA 
01 26 00 00 00 00 00 00 00 00 00 00 00 00 FF FF 00 00 00 00 00 00 00 00 00 00 00 00 00 07 DA 00 00 00 00 08 5D 07 CE 00 EA AA 01 26 00 00 00 00 00 00 00 00 00 00 00 00 
FF FF 00 00 00 00 00 00 00 00 00 00 00 00 00 08 49 00 00 00 00 08 22 07 9A 00 EB AA 01 26 00 00 00 00 00 00 00 00 00 00 00 00 FF FF 00 00 00 00 00 00 00 00 00 00 00 00 00 07 DA 00 00 00 00 08 61 07 CD 00 ED 
AA 01 26 00 00 00 00 00 00 00 00 00 00 00 00 FF FF 00 00 00 00 00 00 00 00 00 00 00 00 00 08 3C 00 00 00 00 08 21 07 96 00 D9 AA 01 26 00 00 00 00 00 00 00 00 
00 00 00 00 FF FF 00 00 00 00 00 00 00 00 00 00 00 00 00 07 D8 00 00 00 00 08 5E 07 CB 00 E6 AA 01 26 00 00 00 00 00 00 00 00 00 00 00 00 FF FF 00 00 00 00 00 00 00 00 00 00 00 00 00 08 45 
00 00 00 00 08 21 07 99 00 E5 AA 01 26 00 00 00 00 00 00 00 00 00 00 00 00 FF FF 00 00 00 00 00 00 00 00 00 00 00 00 00 07 D9 00 00 00 00 08 5B 07 C2 00 DB 
AA 01 26 00 00 00 00 00 00 00 00 00 00 00 00 FF FF 00 00 00 00 00 00 00 00 00 00 00 00 00 08 43 00 00 00 00 08 1F 07 9A 00 E2 
AA 01 26 00 00 00 00 00 00 00 00 00 00 00 00 FF FF 00 00 00 00 00 00 00 00 00 00 00 00 00 07 E0 00 00 00 00 08 63 07 D3 00 FB AA 01 26 00 00 00 00 00 00 00 00 00 00 00 00 FF FF 00 00 00 00 
00 00 00 00 00 00 00 00 00 08 41 00 00 00 00 08 1F 07 99 00 DF AA 01 26 00 00 00 00 00 00 00 00 00 00 00 
00 FF FF 00 00 00 00 00 00 00 00 00 00 00 00 00 08 3F 00 00 00 00 08 1F 07 9B 00 DF AA 01 26 00 00 00 00 00 00 00 00 00 00 00 00 FF FF 00 00 00 00 00 00 00 00 00 00 00 00 00 07 D8 00 00 00 00 08 61 07 C0 00 
DE AA 01 26 00 00 00 00 00 00 00 00 00 00 00 00 FF FF 00 00 00 00 00 00 00 00 00 00 00 00 00 07 DB 00 00 00 00 08 61 07 CC 00 ED 
AA 01 26 00 00 00 00 00 00 00 00 00 00 00 00 FF FF 00 00 00 00 00 00 00 00 00 00 00 00 00 07 DD 00 00 00 00 08 5F 07 CD 00 EE 
AA 01 26 00 00 00 00 00 00 00 00 00 00 00 00 FF FF 00 00 00 00 00 00 00 00 00 00 00 00 00 07 D7 00 00 00 00 08 5D 07 CB 00 E4 AA 01 26 00 00 00 00 00 00 00 00 00 00 00 00 FF FF 00 00 00 00 00 00 00 00 00 00 00 00 00 08 44 00 00 00 00 08 21 07 99 00 E4 
AA 01 26 00 00 00 00 00 00 00 00 00 00 00 00 FF FF 00 00 00 00 00 00 00 00 00 00 00 00 00 08 42 00 00 00 00 08 1A 07 99 00 DB 
AA 01 26 00 00 00 00 00 00 00 00 00 00 00 00 FF FF 00 00 00 00 00 00 00 00 00 00 00 00 00 08 3C 00 00 00 00 08 1A 07 9A 00 D6 
AA 01 26 00 00 00 00 00 00 00 00 00 00 00 00 FF FF 00 00 00 00 00 00 00 00 00 00 00 00 00 08 3E 00 00 00 00 08 1F 07 9C 00 DF AA 01 26 00 00 00 00 00 00 00 00 00 00 00 00 FF 
FF 00 00 00 00 00 00 00 00 00 00 00 00 00 07 DF 00 00 00 00 08 5B 07 C1 00 E0 AA 01 26 00 00 00 00 00 00 00 00 00 00 00 00 FF FF 00 00 00 00 00 00 00 00 00 00 00 00 00 07 DB 00 00 00 00 08 57 07 BF 00 
D6 AA 01 26 00 00 00 00 00 00 00 00 00 00 00 00 FF FF 00 00 00 00 00 00 00 00 00 00 00 00 00 08 3F 00 00 00 00 08 18 07 9B 00 D8 
AA 01 26 00 00 00 00 00 00 00 00 00 00 00 00 FF FF 00 00 00 00 00 00 00 00 00 00 00 00 00 07 D7 00 00 00 00 08 5D 07 CB 00 E4 
AA 01 26 00 00 00 00 00 00 00 00 00 00 00 00 FF FF 00 00 00 00 00 00 00 00 00 00 00 00 00 07 D8 00 00 00 00 08 5B 07 CB 00 E3 AA 
01 26 00 00 00 00 00 00 00 00 00 00 00 00 FF FF 00 00 00 00 00 00 00 00 00 00 00 00 00 07 DA 00 00 00 00 08 5E 07 CA 00 E7 AA 01 26 00 00 00 00 00 00 00 00 00 00 00 00 FF FF 00 00 00 00 00 00 00 
00 00 00 00 00 00 08 44 00 00 00 00 08 21 07 99 00 E4 AA 01 26 00 00 00 00 00 00 00 00 00 00 00 00 FF FF 00 00 00 00 00 00 00 00 00 00 00 00 00 08 47 00 00 00 00 08 1D 07 99 00 E3 
AA 01 26 00 00 00 00 00 00 00 00 00 00 00 00 FF FF 00 00 00 00 00 00 00 00 00 00 00 00 00 08 3F 00 00 00 00 08 1F 07 9D 00 E1 
AA 01 26 00 00 00 00 00 00 00 00 00 00 00 00 FF FF 00 00 00 00 00 00 00 00 00 00 00 00 00 07 E0 00 00 00 00 08 5B 07 C1 00 E1 
AA 01 26 00 00 00 00 00 00 00 00 00 00 00 00 FF FF 00 00 00 00 00 00 00 00 00 00 00 00 00 07 DC 00 00 00 00 08 5E 07 CD 00 EC AA 01 26 00 00 00 00 00 00 00 00 00 
00 00 00 FF FF 00 00 00 00 00 00 00 00 00 00 00 00 00 08 42 00 00 00 00 08 1D 07 9C 00 E1 AA 01 26 00 00 00 00 00 00 00 00 00 00 00 00 FF FF 00 00 00 00 00 00 00 00 00 00 00 00 00 08 48 00 00 00 
00 08 1A 07 9B 00 E3 AA 01 26 00 00 00 00 00 00 00 00 00 00 00 00 FF FF 00 00 00 00 00 00 00 00 00 00 00 00 00 07 E3 00 00 00 00 08 60 07 CD 00 F5 AA 01 26 00 00 00 00 00 00 00 00 00 
00 00 00 FF FF 00 00 00 00 00 00 00 00 00 00 00 00 00 08 3D 00 00 00 00 08 1A 07 99 00 D6 AA 01 26 00 00 00 00 00 00 00 00 00 00 00 00 FF FF 00 00 00 00 00 00 00 00 00 00 00 00 00 07 DC 00 00 00 00 08 61 07 CA 00 EC 
AA 01 26 00 00 00 00 00 00 00 00 00 00 00 00 FF FF 00 00 00 00 00 00 00 00 00 00 00 00 00 07 E0 00 00 00 00 08 5F 07 CE 00 F2 AA 01 26 00 00 00 00 00 00 00 00 00 
00 00 00 FF FF 00 00 00 00 00 00 00 00 00 00 00 00 00 08 42 00 00 00 00 08 1C 07 98 00 DC AA 01 26 00 00 00 00 00 00 00 00 00 00 00 00 FF FF 00 00 00 00 00 00 00 00 00 00 00 00 
00 07 D3 00 00 00 00 08 5D 07 CC 00 E1 AA 01 26 00 00 00 00 00 00 00 00 00 00 00 00 FF FF 00 00 00 00 00 00 00 00 00 00 00 00 00 08 44 00 00 00 00 
08 1B 07 99 00 DE AA 01 26 00 00 00 00 00 00 00 00 
00 00 00 00 FF FF 00 00 00 00 00 00 00 00 00 00 00 00 00 08 46 00 00 00 00 08 1B 07 9B 00 E2 AA 01 26 00 00 00 00 00 00 00 00 00 00 
00 00 FF FF 00 00 00 00 00 00 00 00 00 00 00 00 00 08 41 00 00 00 00 08 1C 07 97 00 DA AA 01 26 00 00 00 00 00 00 00 00 00 00 00 00 FF FF 00 00 00 00 00 00 00 00 00 00 00 00 00 08 3F 00 00 00 00 08 1B 07 9B 00 DB 
AA 01 26 00 00 00 00 00 00 00 00 00 00 00 00 FF FF 00 00 00 00 00 00 00 00 00 00 00 00 00 07 E0 00 00 00 00 08 5E 07 CC 00 EF 
AA 01 26 00 00 00 00 00 00 00 00 00 00 00 00 FF FF 00 00 00 00 00 00 00 00 00 00 00 00 00 07 DB 00 00 00 00 08 60 07 C9 00 E9 AA 01 26 00 00 00 00 00 00 00 00 00 
00 00 00 FF FF 00 00 00 00 00 00 00 00 00 00 00 00 00 07 D8 00 00 00 00 08 5D 07 C8 00 E2 
AA 01 26 00 00 00 00 00 00 00 00 00 00 00 00 FF FF 00 00 00 00 00 00 00 00 00 00 00 00 00 08 3D 00 00 00 00 08 1C 07 9A 00 D9 AA 01 26 00 00 00 00 00 00 00 00 00 00 00 00 FF FF 00 00 00 00 00 00 00 00 00 00 00 00 00 08 42 00 00 00 00 08 1E 07 9D 
00 E3 AA 01 26 00 00 00 00 00 00 00 00 00 00 00 00 FF FF 00 00 00 00 00 00 00 00 00 00 00 00 00 07 D6 00 00 00 00 08 5C 07 C8 00 DF 
AA 01 26 00 00 00 00 00 00 00 00 00 00 00 00 FF FF 00 00 00 00 00 00 00 00 00 00 00 00 00 08 46 00 00 00 00 08 1B 07 9A 00 E1 
AA 01 26 00 00 00 00 00 00 00 00 00 00 00 00 FF FF 00 00 00 00 00 00 00 00 00 00 00 00 00 08 42 00 00 00 00 08 1F 07 9C 00 E3 AA 01 26 00 00 00 00 00 00 00 00 00 00 00 00 FF FF 00 00 00 00 00 00 00 00 00 00 00 00 00 07 D3 
00 00 00 00 08 5B 07 C7 00 DA AA 01 26 00 00 00 00 00 00 00 00 00 00 00 00 FF FF 00 00 00 00 00 00 00 00 
00 00 00 00 00 08 3B 00 00 00 00 08 1D 07 9D 00 DB AA 01 26 00 00 00 00 00 00 00 00 00 00 00 00 FF FF 00 00 00 00 00 00 00 00 00 00 00 00 00 07 D6 00 00 00 00 08 5B 07 C8 00 DE 
AA 01 26 00 00 00 00 00 00 00 00 00 00 00 00 FF FF 00 00 00 00 00 00 00 00 00 00 00 00 00 08 44 00 00 00 00 08 1D 07 9B 00 E2 AA 01 26 00 00 00 00 00 00 00 00 00 00 00 00 FF FF 00 00 00 00 00 00 00 00 00 00 00 
00 00 08 3D 00 00 00 00 08 1F 07 9B 00 DD AA 01 26 00 00 00 00 00 00 00 00 00 00 00 00 FF FF 00 00 00 00 00 00 00 00 00 00 00 00 00 07 D3 00 00 00 00 08 55 07 
BB 00 C8 AA 01 26 00 00 00 00 00 00 00 00 00 00 00 00 FF FF 00 00 00 00 00 00 00 00 00 00 00 00 00 07 D5 00 00 00 00 08 5B 07 CA 00 DF 
AA 01 26 00 00 00 00 00 00 00 00 00 00 00 00 FF FF 00 00 00 00 00 00 00 00 00 00 00 00 00 07 D1 00 00 00 00 08 55 07 B9 00 C4 AA 01 26 00 00 00 00 00 00 00 00 00 00 00 00 FF FF 
00 00 00 00 00 00 00 00 00 00 00 00 00 07 BD 00 00 00 00 08 57 07 C5 00 BE AA 01 26 00 00 
00 00 00 00 00 00 00 00 00 00 FF FF 00 00 00 00 00 00 00 00 00 00 00 00 00 07 EC 00 00 00 00 08 5D 07 BD 00 EB AA 01 26 00 00 00 00 00 00 00 00 00 00 00 00 FF FF 00 00 00 00 00 00 00 00 00 00 
00 00 00 08 32 00 00 00 00 08 1C 07 9D 00 D1 AA 01 26 00 00 00 00 00 00 00 00 00 00 00 00 FF FF 00 00 00 00 00 00 00 00 00 00 00 00 00 07 D2 00 00 00 00 08 5C 07 C8 00 DB 
AA 01 26 00 00 00 00 00 00 00 00 00 00 00 00 FF FF 00 00 00 00 00 00 00 00 00 00 00 00 00 08 41 00 00 00 00 08 1E 07 9F 00 E4 
AA 01 26 00 00 00 00 00 00 00 00 00 00 00 00 FF FF 00 00 00 00 00 00 00 00 00 00 00 00 00 08 3B 00 00 00 00 08 1F 07 9F 00 DF AA 01 26 00 00 00 00 00 00 00 00 00 00 00 00 FF FF 00 00 00 00 00 00 00 00 00 00 00 00 00 07 D4 00 00 00 00 08 5D 
07 C9 00 DF AA 01 26 00 00 00 00 00 00 00 00 00 00 00 
00 FF FF 00 00 00 00 00 00 00 00 00 00 00 00 00 08 46 00 00 00 00 08 1F 07 9F 00 EA AA 01 26 00 00 00 00 00 00 00 00 00 00 00 00 FF FF 00 00 00 00 00 00 00 00 00 00 00 00 00 07 D4 00 00 00 00 08 5C 07 C8 00 DD 
AA 01 26 00 00 00 00 00 00 00 00 00 00 00 00 FF FF 00 00 00 00 00 00 00 00 00 00 00 00 00 07 D5 00 00 00 00 08 5D 07 C9 00 E0 AA 01 26 00 00 00 00 00 00 00 00 00 
00 00 00 FF FF 00 00 00 00 00 00 00 00 00 00 00 00 00 08 40 00 00 00 00 08 1F 07 9E 00 E3 AA 01 26 00 00 00 00 00 00 00 00 00 00 00 00 FF FF 00 00 00 00 00 00 00 00 00 00 00 00 00 08 
3D 00 00 00 00 08 1D 07 9B 00 DB AA 01 26 00 00 00 00 00 00 00 00 00 00 00 00 FF FF 00 00 00 00 00 00 00 00 00 00 00 00 00 07 D4 00 00 00 00 08 5D 07 C8 00 DE 
AA 01 26 00 00 00 00 00 00 00 00 00 00 00 00 FF FF 00 00 00 00 00 00 00 00 00 00 00 00 00 08 3A 00 00 00 00 08 20 07 99 00 D9 
AA 01 26 00 00 00 00 00 00 00 00 00 00 00 00 FF FF 00 00 00 00 00 00 00 00 00 00 00 00 00 07 CE 00 00 00 00 08 5D 07 C8 00 D8 AA 01 26 00 00 00 00 00 00 00 00 00 00 00 00 FF FF 00 00 00 
00 00 00 00 00 00 00 00 00 00 07 B4 00 00 00 00 08 59 07 C5 00 B7 AA 01 26 00 00 00 00 00 00 00 00 00 00 00 
00 FF FF 00 00 00 00 00 00 00 00 00 00 00 00 00 08 56 00 00 00 00 08 B2 07 D7 00 C5 AA 01 26 00 00 00 00 00 00 00 00 00 00 00 00 FF FF 00 00 00 00 00 00 00 00 00 00 00 00 00 08 3B 00 00 00 00 08 02 07 93 00 B6 
AA 01 26 00 00 00 00 00 00 00 00 00 00 00 00 FF FF 00 00 00 00 00 00 00 00 00 00 00 00 00 07 EE 00 00 00 00 08 4F 07 B3 00 D5 AA 01 26 00 00 00 00 00 00 00 00 00 00 00 00 FF FF 00 00 00 00 00 00 00 00 00 00 00 00 00 08 44 00 00 00 00 08 19 07 9A 00 DD 
AA 01 26 00 00 00 00 00 00 00 00 00 00 00 00 FF FF 00 00 00 00 00 00 00 00 00 00 00 00 00 08 38 00 00 00 00 08 19 07 93 00 CA 
AA 01 26 00 00 00 00 00 00 00 00 00 00 00 00 FF FF 00 00 00 00 00 00 00 00 00 00 00 00 00 07 EC 00 00 00 00 08 5E 07 BD 00 EC AA 01 26 00 00 00 00 00 00 00 00 00 00 00 00 FF FF 
00 00 00 00 00 00 00 00 00 00 00 00 00 08 42 00 00 00 00 08 22 07 A3 00 ED AA 01 26 00 00 00 00 00 00 00 00 00 00 00 00 FF FF 00 00 00 00 00 00 00 00 00 00 00 00 00 08 3C 00 00 00 00 08 22 07 9E 00 E2 
AA 01 26 00 00 00 00 00 00 00 00 00 00 00 00 FF FF 00 00 00 00 00 00 00 00 00 00 00 00 00 07 D7 00 00 00 00 08 61 07 CA 00 E7 AA 01 26 00 00 00 00 00 00 00 00 00 00 00 00 FF FF 00 00 00 00 00 00 00 00 00 00 00 
00 00 07 CF 00 00 00 00 08 5D 07 C7 00 D8 AA 01 26 00 00 00 00 00 00 00 00 00 00 00 00 FF FF 00 00 00 00 00 00 00 00 00 00 00 00 00 08 30 00 00 00 00 08 1C 07 93 00 C5 
AA 01 26 00 00 00 00 00 00 00 00 00 00 00 00 FF FF 00 00 00 00 00 00 00 00 00 00 00 00 00 07 E7 00 00 00 00 08 53 07 B9 00 D8 AA 01 26 00 00 00 00 00 00 00 00 00 00 00 00 FF FF 00 00 00 00 00 00 00 00 00 00 
00 00 00 08 3A 00 00 00 00 08 A9 07 CB 00 94 AA 01 26 00 00 00 00 00 00 00 00 00 00 00 00 FF FF 00 00 00 00 00 00 00 00 00 00 00 00 00 08 3C 00 00 00 00 08 1E 07 9B 00 DB 
AA 01 26 00 00 00 00 00 00 00 00 00 00 00 00 FF FF 00 00 00 00 00 00 00 00 00 00 00 00 00 07 E9 00 00 00 00 08 55 07 BD 00 E0 
AA 01 26 00 00 00 00 00 00 00 00 00 00 00 00 FF FF 00 00 00 00 00 00 00 00 00 00 00 00 00 07 C3 00 00 00 00 08 47 07 C6 00 B5 
AA 01 26 00 00 00 00 00 00 00 00 00 00 00 00 FF FF 00 00 00 00 00 00 00 00 00 00 00 00 00 07 E9 00 00 00 00 08 3E 07 BD 00 C9 AA 01 26 
00 00 00 00 00 00 00 00 00 00 00 00 FF FF 00 00 00 00 00 00 00 00 00 00 00 00 00 08 68 00 00 00 00 08 19 07 9D 00 04 AA 01 26 00 00 00 00 00 00 00 00 00 00 00 00 FF FF 00 00 00 00 00 00 00 00 00 00 00 
00 00 07 F4 00 00 00 00 08 47 07 BB 00 DB AA 01 26 00 00 00 00 00 00 00 00 00 00 00 00 FF FF 00 00 00 00 00 00 00 00 00 00 00 00 00 08 5D 00 00 00 00 08 19 07 98 00 F4 
AA 01 26 00 00 00 00 00 00 00 00 00 00 00 00 FF FF 00 00 00 00 00 00 00 00 00 00 00 00 00 07 C2 00 00 00 00 08 55 07 C5 00 C1 
AA 01 26 00 00 00 00 00 00 00 00 00 00 00 00 FF FF 00 00 00 00 00 00 00 00 00 00 00 00 00 08 40 00 00 00 00 08 1C 07 9D 00 DF 
AA 01 26 00 00 00 00 00 00 00 00 00 00 00 00 FF FF 00 00 00 00 00 00 00 00 00 00 00 00 00 08 41 00 00 00 00 08 21 07 9E 00 E6 
AA 01 26 00 00 00 00 00 00 00 00 00 00 00 00 FF FF 00 00 00 00 00 00 00 00 00 00 00 00 00 07 CA 00 00 00 00 08 5E 07 C8 00 D5 AA 01 26 00 00 00 00 00 00 00 00 00 00 00 00 FF FF 00 00 00 00 00 00 00 00 00 00 00 00 00 07 CB 00 00 00 00 08 5F 07 C7 00 D6 
AA 01 26 00 00 00 00 00 00 00 00 00 00 00 00 FF FF 00 00 00 00 00 00 00 00 00 00 00 00 00 08 5D 00 00 00 00 08 5B 07 C4 00 62 AA 01 26 00 00 00 00 00 00 00 00 00 00 00 00 FF FF 00 00 00 00 00 00 00 00 00 00 00 00 00 08 4E 00 00 00 00 08 09 07 8E 00 CB 
AA 01 26 00 00 00 00 00 00 00 00 00 00 00 00 FF FF 00 00 00 00 00 00 00 00 00 00 00 00 00 08 5C 00 00 00 00 08 18 07 9D 00 F7 
AA 01 26 00 00 00 00 00 00 00 00 00 00 00 00 FF FF 00 00 00 00 00 00 00 00 00 00 00 00 00 08 63 00 00 00 00 08 1D 07 9F 00 05 AA 01 26 00 00 00 00 00 00 00 00 00 00 00 00 FF FF 00 00 00 00 00 00 00 00 00 00 00 00 00 07 D4 00 00 00 00 08 51 07 B4 00 BE 
AA 01 26 00 00 00 00 00 00 00 00 00 00 00 00 FF FF 00 00 00 00 00 00 00 00 00 00 00 00 00 08 71 00 00 00 00 08 16 07 9B 00 08 
AA 01 26 00 00 00 00 00 00 00 00 00 00 00 00 FF FF 00 00 00 00 00 00 00 00 00 00 00 00 00 07 CC 00 00 00 00 08 52 07 B6 00 B9 AA 01 26 00 00 00 00 00 00 00 00 00 00 
00 00 FF FF 00 00 00 00 00 00 00 00 00 00 00 00 00 08 7A 00 00 00 00 08 1B 07 A2 00 1D AA 01 26 00 00 00 00 00 00 00 00 00 00 00 00 FF FF 00 00 00 00 00 00 00 00 00 00 00 00 00 07 D5 00 00 00 00 08 55 07 B9 00 C8 
AA 01 26 00 00 00 00 00 00 00 00 00 00 00 00 FF FF 00 00 00 00 00 00 00 00 00 00 00 00 00 08 75 00 00 00 00 08 16 07 96 00 07 AA 01 26 00 00 00 00 00 00 00 00 00 00 00 00 FF FF 00 00 00 00 00 00 00 00 00 
00 00 00 00 08 42 00 00 00 00 08 31 07 A5 00 FE AA 01 26 00 00 00 00 00 00 00 00 00 00 00 00 FF FF 00 00 00 00 00 00 00 00 00 00 00 00 00 08 64 00 00 00 00 08 63 
07 CC 00 79 AA 01 26 00 00 00 00 00 00 00 00 00 00 00 00 FF FF 00 00 00 00 00 00 00 00 00 00 00 00 00 08 75 00 00 00 00 08 1C 07 A1 00 18 AA 
01 26 00 00 00 00 00 00 00 00 00 00 00 00 FF FF 00 00 00 00 00 00 00 00 00 00 00 00 00 08 50 00 00 00 00 08 0B 07 8F 00 D0 AA 01 26 00 00 00 00 00 00 00 00 00 00 00 00 FF FF 00 00 00 00 00 00 00 00 00 00 00 00 00 07 EC 00 00 00 
00 08 53 07 C1 00 E5 
AA 01 26 00 00 00 00 00 00 00 00 00 00 00 00 FF FF 00 00 00 00 00 00 00 00 00 00 00 00 00 08 44 00 00 00 00 08 18 07 9C 00 DE AA 01 26 00 00 00 00 00 00 00 00 00 00 00 00 FF FF 00 00 00 00 00 00 00 00 00 00 00 00 00 08 43 00 00 00 00 08 1B 07 9B 00 DF 
AA 01 26 00 00 00 00 00 00 00 00 00 00 00 00 FF FF 00 00 00 00 00 00 00 00 00 00 00 00 00 08 58 00 00 00 00 08 55 07 C2 00 55 AA 01 26 00 00 00 00 00 00 00 00 
00 00 00 00 FF FF 00 00 00 00 00 00 00 00 00 00 00 00 00 08 70 00 00 00 00 08 1A 07 9D 00 0D AA 01 26 00 00 00 00 00 00 00 00 00 00 00 00 FF FF 00 00 00 00 00 00 00 00 00 
00 00 00 00 08 52 00 00 00 00 08 0A 07 90 00 D2 AA 01 26 00 00 00 00 00 00 00 00 00 00 00 00 FF FF 00 00 00 00 00 00 00 00 00 00 00 00 
00 08 3F 00 00 00 00 08 13 07 99 00 D1 AA 01 26 00 00 00 00 00 00 00 00 00 00 00 00 FF FF 00 00 00 00 00 00 00 00 00 00 00 00 00 08 5A 00 00 00 00 08 54 07 C0 00 54 AA 01 26 00 00 00 00 00 00 00 
00 00 00 00 00 FF FF 00 00 00 00 00 00 00 00 00 00 00 00 00 07 CC 00 00 00 00 08 3D 07 B0 00 9E AA 01 26 00 00 00 00 00 00 00 00 00 00 00 00 FF FF 00 00 00 00 00 00 00 00 00 00 00 00 00 07 D0 00 00 00 00 08 51 07 BE 
00 C4 AA 01 26 00 00 00 00 00 00 00 00 00 00 00 00 FF FF 00 00 00 00 00 00 00 00 00 00 00 00 00 08 4C 00 00 00 00 08 19 07 9C 00 E7 
AA 01 26 00 00 00 00 00 00 00 00 00 00 00 00 FF FF 00 00 00 00 00 00 00 00 00 00 00 00 00 07 E2 00 00 00 00 08 47 07 B7 00 C5 AA 01 26 00 00 00 00 00 00 00 00 00 00 00 00 FF FF 00 00 00 00 00 00 00 00 00 00 00 00 
00 07 B3 00 00 00 00 08 AB 07 CD 00 10 AA 01 26 00 00 00 00 00 00 00 00 00 00 00 00 FF FF 00 00 00 00 00 00 00 00 00 00 00 00 00 08 73 00 00 00 00 08 0F 07 93 00 FB 
AA 01 26 00 00 00 00 00 00 00 00 00 00 00 00 FF FF 00 00 00 00 00 00 00 00 00 00 00 00 00 07 C7 00 00 00 00 08 4A 07 B1 00 A7 
